21323733
1 0 0
1 0 0
1 0 0
1 0 0
1 0 0
1 0 0
1 0 0
1 0 0
1 0 0
1 0 0
1 0 0
1 0 0
1 1 0
1 1 0
1 1 0
1 1 0
1 1 0
1 1 0
1 1 0
1 1 0
1 1 0
1 1 0
1 1 0
1 1 0
1 1 0
1 1 0
1 1 0
1 1 0
1 1 0
1 1 0
1 1 0
1 1 0
1 1 0
1 1 0
1 1 0
1 1 0
1 1 0
1 1 0
1 1 0
1 1 0
1 1 0
1 1 0
1 1 0
1 1 0
2 1 0
2 1 0
6 1 0
10 1 0
18 1 0
28 1 0
44 1 0
51 1 0
60 3 0
73 3 0
77 1 0
82 3 0
97 3 0
102 2 0
102 3 0
106 7 0
106 7 0
113 9 1
117 11 1
122 15 2
143 17 2
146 21 3
151 21 4
159 24 4
166 27 5
176 33 5
178 38 5
185 42 6
189 44 7
190 49 7
190 54 7
198 54 7
210 56 7
217 56 7
233 61 7
238 63 7
238 68 7
244 77 7
254 86 7
271 96 7
304 98 7
310 102 7
330 105 7
368 107 7
420 109 7
460 118 7
523 120 7
588 126 7
619 134 7
649 136 7
663 154 7
690 162 7
705 172 7
718 184 7
751 194 8
771 213 9
797 215 9
824 232 9
835 240 9
847 260 9
863 321 9
869 343 9
889 366 9
915 382 9
925 445 9
935 477 9
960 520 9
981 538 9
992 559 9
1027 569 9
1028 584 9
1055 604 9
1068 620 9
1089 660 9
1141 674 9
1182 695 10
1319 712 10
1469 732 10
1530 745 10
1558 754 10
1620 781 10
1633 801 10
1643 811 11
1683 823 11
1749 836 11
1797 839 11
1801 858 11
1814 891 11
1835 941 11
1857 990 11
1859 1057 11
1869 1122 11
1877 1150 11
1880 1196 11
1884 1252 11
1889 1287 11
1905 1342 11
1915 1371 11
1924 1397 11
1947 1421 11
1950 1446 11
1950 1472 11
1950 1498 11
1951 1526 11
1991 1548 11
2001 1562 11
2010 1602 11
2014 1619 11
2033 1639 11
2037 1661 11
2039 1678 11
2047 1711 11
2054 1748 11
2066 1827 11
2069 1863 11
2074 1885 11
2076 1903 11
2077 1917 11
2081 1955 11
2094 1967 11
2154 1979 11
2454 1980 11
2511 1980 11
2617 1981 11
2646 1981 11
2665 1988 11
2671 2001 11
2687 2007 11
2697 2012 11
2703 2023 11
2724 2035 11
2730 2041 11
2730 2048 11
2752 2064 11
2753 2077 11
2764 2094 11
2770 2103 11
2782 2106 11
2805 2121 11
2810 2296 11
2810 2317 11
2814 2333 11
2815 2391 11
2815 2439 11
2823 2514 11
2828 2517 11
2834 2524 11
2839 2537 11
2839 2541 11
2839 2564 11
2841 2576 11
2844 2579 11
2871 2593 11
2880 2622 11
2881 2638 11
2882 2646 11
2886 2658 11
2890 2666 11
2893 2670 11
2900 2676 11
2902 2755 11
2902 2760 11
2918 2765 11
2941 2789 11
2947 2798 12
2953 2805 12
2959 2811 12
2971 2816 12
2984 2819 12
2986 2830 12
2989 2842 12
2995 2849 12
3012 2860 12
3049 2868 12
3092 2879 12
3101 2883 12
3111 2883 12
3115 2907 12
3121 2918 12
3123 2925 12
3123 2926 12
3140 2935 12
3147 2946 12
3155 2955 12
3169 2969 12
3195 2983 12
3234 2996 12
3262 3005 13
3271 3016 13
3271 3021 13
3276 3043 13
3281 3060 13
3283 3070 13
3287 3088 13
3299 3100 13
3313 3118 13
3324 3129 13
3333 3142 13
3345 3158 13
3349 3186 13
3360 3208 13
3363 3210 13
3374 3230 13
3380 3230 13
3382 3233 13
3388 3245 13
3395 3254 13
3402 3258 13
3513 3259 13
4252 3266 13
4459 3274 13
4488 3278 13
4523 3296 13
4628 3306 13
4752 3307 13
4844 3317 13
5038 3328 13
5170 3357 13
5244 3380 13
5354 3385 13
5475 3395 13
5538 3403 13
5625 3440 13
5811 3457 13
5978 3501 13
6287 3561 14
7153 3644 14
7521 3714 15
7872 3803 16
8413 3933 16
8870 4043 19
9205 4075 19
9791 4142 19
10424 4282 19
10663 4399 20
11060 4905 21
11335 5249 21
11744 5581 23
12187 5858 24
12570 6623 29
12970 7186 30
13419 7723 34
13929 8285 35
14285 8880 36
14715 9537 41
15350 10183 46
15723 10653 48
16191 11031 53
16583 11324 53
17287 11495 58
17674 11806 61
18075 12210 66
18402 12587 69
18841 12903 73
19280 13271 74
19771 13590 83
20171 14069 87
20508 14497 90
20967 14962 94
21469 15447 96
22028 15816 99
22501 16226 107
22988 16656 109
23484 17002 116
23987 17560 118
24532 17817 122
25410 18304 124
26038 19032 129
26559 19438 130
27228 20090 137
27877 20460 140
28580 20804 142
29378 21258 142
30072 21800 144
30613 22261 146
31375 22831 147
32135 23304 149
32790 23793 152
33478 24309 154
34121 24867 154
34737 25652 160
35387 26353 160
36049 27061 165
36667 27552 171
37261 28267 176
37631 28682 181
38059 29300 183
38639 29882 184
39231 30568 185
39782 31339 186
40380 32051 187
41054 32701 191
41603 33221 194
42056 33925 195
42702 34623 199
43299 35329 204
43856 36155 208
44371 36717 211
44774 37252 211
45242 37817 215
45726 38262 217
46248 39023 219
46780 39661 222
47305 40317 225
47840 40838 229
48380 41325 232
48949 42091 240
49537 42621 244
50229 43267 247
50899 43747 251
51594 44259 255
52313 44746 256
53062 45171 264
53750 45820 270
54419 46594 273
55189 47215 274
56076 47984 276
56863 48617 278
57587 49261 280
58430 49684 283
59167 50337 287
59922 51046 288
60694 52566 290
61586 54435 297
62445 55398 305
63293 56277 313
64157 57159 316
64983 58075 323
65698 59043 330
66409 59883 332
67115 60567 339
67850 61461 343
68576 62594 351
69348 63401 356
70235 64141 365
71211 65053 370
72174 65644 375
73116 66211 379
74056 66984 384
74852 67831 390
75654 68696 397
76428 69411 403
77184 70429 409
77906 71176 422
78420 71823 430
78937 72566 433
79480 73456 435
79999 74299 445
80517 75110 450
81009 75842 453
81467 76514 457
81933 76961 459
82430 77625 464
82890 78373 464
83094 78947 464
83552 79422 476
83870 80020 483
84226 80437 484
84610 80836 489
84960 81321 493
85150 81769 493
85695 82059 502
86039 82513 507
86343 82753 511
86685 83210 511
86989 83561 520
87286 83958 525
87600 84253 526
87907 84648 527
88238 84969 532
88392 84969 532
88862 85725 537
89024 85944 537
89497 86227 544
89655 86466 544
90200 86759 546
90514 87058 551
90765 87306 552
91018 87630 552
91289 87881 554
91561 88145 557
91839 88388 558
92088 88623 561
92303 88914 566
92442 89090 566
92706 89251 568
92917 89407 571
93128 89701 571
93295 90021 575
