10000000
0 0 0
0 0 0
1 0 0
1 0 0
2 0 0
3 0 0
4 0 0
5 0 0
7 0 0
8 0 0
11 0 0
13 1 0
17 1 0
20 1 0
25 2 0
30 2 0
37 3 0
45 4 0
55 5 0
67 6 0
81 7 0
98 9 0
118 11 0
143 14 0
174 17 0
210 21 1
255 25 1
309 31 1
376 38 1
457 46 1
556 56 1
677 68 2
822 82 2
998 100 2
1210 121 3
1463 148 3
1766 179 4
2127 218 5
2556 264 6
3069 320 7
3680 388 9
4409 469 11
5278 566 13
6312 683 16
7538 823 19
8988 991 23
10699 1191 28
12716 1430 34
15097 1714 41
17913 2052 49
21259 2455 59
25256 2932 70
30054 3498 84
35844 4171 99
42861 4970 118
51388 5922 139
61769 7057 165
74409 8415 195
89779 10043 232
108424 11999 275
130956 14354 328
158057 17195 392
190468 20624 469
228969 24762 563
274344 29753 678
327313 35763 818
388443 42981 989
458034 51621 1194
536011 61915 1442
621852 74111 1739
714592 88467 2090
812917 105236 2503
915349 124657 2983
1020454 146942 3536
1127046 172267 4167
1234319 200764 4878
1341896 232523 5673
1449800 267589 6554
1558376 305972 7520
1668188 347654 8572
1779920 392596 9710
1894281 440754 10931
2011936 492080 12235
2133446 546535 13621
2259220 604088 15087
2389477 664724 16634
2524214 728439 18262
2663172 795245 19969
2805810 865161 21758
2951282 938208 23629
3098428 1014405 25582
3245790 1093760 27619
3391667 1176256 29739
3534211 1261848 31941
3671560 1350448 34224
3801990 1441919 36584
3924064 1536071 39016
4036735 1632656 41515
4139413 1731372 44072
4231951 1831869 46679
