0.777030600350713
0.768537042398067
0.752195876632237
0.729247895485168
0.70143057511207
0.670840658175014
0.639768386240321
0.610516540020044
0.585218650776276
0.56567081072682
0.553190429129106
0.548513139744258
0.551736034625013
0.562311719318894
0.579093647866464
0.600429122976344
0.624292560927598
0.648448422733668
0.670630856867237
0.688725771509553
0.700940861259902
0.705950069850195
0.703001000688714
0.691976729774034
0.673407096983422
0.648428564355383
0.618695815096187
0.586252100229559
0.553368616666519
0.522365660766768
0.4954297498066
0.474441225134829
0.46082601965678
0.455443354629227
0.45851827885128
0.469624403662444
0.487718202380655
0.511222149359472
0.538150096774509
0.566264934440763
0.593256015657919
0.616922263747624
0.635346424119193
0.647046631089151
0.651093261337762
0.647181803648579
0.635655968434938
0.617479213045419
0.594156956073854
0.567615670499966
0.540048470421106
0.513739467416528
0.490880858870403
0.473397287953939
0.462791437578539
0.460023134332927
0.465431577122108
0.47870688027769
0.498913204294886
0.524561650104505
0.553727140287041
0.584200016765348
0.613660326737204
0.639860965939522
0.660805143935712
0.674904085934534
0.681102453971776
0.678961532581169
0.668693576880699
0.651144598061483
0.627726954712741
0.600307103188372
0.571057419888663
0.542283860223803
0.516243136678964
0.494963929539101
0.480086322462845
0.472732206749933
0.473416937851783
0.482009250817458
0.497742608179233
0.519277068674104
0.544806752585251
0.572204358028267
0.59919123979471
0.62351953209225
0.643151839917797
0.656424216835179
0.662179474272754
0.659860223699959
0.649554251067624
0.631988608738082
0.608472883139941
0.580796133105289
0.551085673711167
0.521638911217682
0.494741575682824
0.47248677900881
0.45660926166842
0.448347986285085
0
0
0
0
0
0
0
0
0
0
0
0
0
0
0
0
0
0
0
0
0
0
0
0
0
0
0
0
0
0
0
0
0
0
0
0
0
0
0
0
0
0
0
0
0
0
0
0
0
0
0
0
0
0
0
0
0
0
0
0
0
0
0
0
0
0
0
0
0
0
0
0
0
0
0
0
0
0
0
0
0
0
0
0
0
0
0
0
0
0
0
0
0
0
0
0
0
0
0
0
0.723552699174574
0.714824944443688
0.697627783645778
0.672468932613398
0.640087847343011
0.6014301103332
0.557614786277168
0.509895963016612
0.459619906241734
0.408179413527567
0.356967049000545
0.307328970758033
0.260521028231312
0.217668707714804
0.179732345536327
0.147478816415215
0.121460648112788
0.102003222892168
0.0892004132155397
0.082918675956655
0.0828093089244634
0.0883282681850248
0.0987626663123933
0.113262830881666
0.130878608219704
0.150598456682437
0.171389791353217
0.192239020497956
0.212189753366915
0.230377756582878
0.246061387699657
0.258646432788296
0.26770451158533
0.272984478899777
0.274416533734323
0.272109036523762
0.266338318571809
0.257532035127276
0.246246854379787
0.233141480011513
0.218946167428681
0.204430007870444
0.190367316735673
0.177504471288994
0.166528499151278
0.158038625452502
0.152521847934192
0.150333432012644
0.151683009607184
0.156626735188346
0.165065709455499
0.176750635024514
0.191292429078829
0.20817829419313
0.226792548709844
0.246441349215685
0.266380305512747
0.285843897111156
0.304075552101372
0.320357244973935
0.334037508519486
0.344556833732331
0.351469546577693
0.354461396247748
0.353362259817935
0.348153556008157
0.338970158628346
0.326096800709596
0.30995915593901
0.29110996793174
0.270210763887675
0.248009831992468
0.225317257290213
0.20297789560073
0.181843217523332
0.1627429740362
0.146457622228824
0.13369240596115
0.125053914375375
0.121029844673718
0.121972578554103
0.128087048773295
0.139423228372711
0.155873425139563
0.177174412788337
0.202914282799231
0.232543761130721
0.265391605937789
0.300683589212908
0.337564469539344
0.375122286871927
0.412414254754118
0.448493491324896
0.482435817953092
0.513365862905824
0.54048173617405
0.56307758908764
0.580563436949179
0.592481702608321
0.59852003146805
1
1
1
1
1
1
1
1
1
1
1
1
1
1
1
1
1
1
1
1
1
1
1
1
1
1
1
1
1
1
1
1
1
1
1
1
1
1
1
1
1
1
1
1
1
1
1
1
1
1
1
1
1
1
1
1
1
1
1
1
1
1
1
1
1
1
1
1
1
1
1
1
1
1
1
1
1
1
1
1
1
1
1
1
1
1
1
1
1
1
1
1
1
1
1
1
1
1
1
1
1
1
1
1
1
1
1
1
1
1
1
1
1
1
1
1
1
1
1
1
1
1
1
1
1
1
1
1
1
1
1
1
1
1
1
1
1
1
1
1
1
1
1
1
1
1
1
1
1
1
1
1
1
1
1
1
1
1
1
1
1
1
1
1
1
1
1
1
1
1
1
1
1
1
1
1
1
1
1
1
1
1
1
1
1
1
1
1
1
1
1
1
1
1
1
1
1
1
1
1
3
2
6
6
4
10
0.3
0.8
0.75
0.02
14
