0.992466001912104
0.990632215675124
0.987029875923628
0.981786483072002
0.975086016437107
0.967160597442288
0.958280001793175
0.948739519749025
0.938846741771257
0.928907897249036
0.919214394263746
0.910030197495199
0.90158063992583
0.894043193970941
0.887540632434666
0.882136893857246
0.877835835964989
0.874582921368131
0.872269738099987
0.870741120874261
0.869804513642726
0.869241106197959
0.86881819237849
0.868302138997447
0.867471325741525
0.866128418360976
0.864111370387202
0.861302610780014
0.857635963319104
0.853100953946007
0.84774428930667
0.841668427310232
0.835027301969356
0.828019403295723
0.82087854190708
0.813862741038346
0.80724179038078
0.801284062168027
0.796243226993614
0.792345513182187
0.789778128827845
0.788679411034356
0.789131185060114
0.791153710914802
0.794703471528466
0.799673920851423
0.805899168674393
0.813160438392612
0.821195001137961
0.829707171059196
0.8383808477511
0.846893017672336
0.854927580417685
0.862188850135904
0.868414097958873
0.87338454728183
0.876934307895495
0.878956833750182
0.87940860777594
0.878309889982452
0.87574250562811
0.871844791816683
0.866803956642269
0.860846228429516
0.85422527777195
0.847209476903217
0.840068615514574
0.83306071684094
0.826419591500064
0.820343729503626
0.814987064864289
0.810452055491193
0.806785408030282
0.803976648423095
0.80195960044932
0.800616693068771
0.799785879812849
0.799269826431806
0.798846912612338
0.79828350516757
0.797346897936036
0.79581828071031
0.793505097442166
0.790252182845307
0.78595112495305
0.78054738637563
0.774044824839356
0.766507378884467
0.758057821315098
0.74887362454655
0.73918012156126
0.729241277039039
0.719348499061272
0.709808017017122
0.700927421368008
0.693002002373189
0.686301535738294
0.681058142886669
0.677455803135173
0.675622016898193
0.351133906437782
0.349419824061004
0.346076145004216
0.341267354566553
0.335229218202745
0.328256319359419
0.320686554322724
0.312883451883245
0.305217302945177
0.29804614508486
0.291697646264448
0.286452870831108
0.282532793580471
0.280088261376177
0.279193896817556
0.279846207203816
0.281965918502861
0.285404312765332
0.289953122731988
0.295357342431888
0.30133015859762
0.30756910337047
0.313772479565811
0.319655117833187
0.324962588977648
0.329483109713873
0.333056538341111
0.33558004784276
0.337010275438231
0.337361966258013
0.336703340935154
0.335148609468404
0.332848215085384
0.329977512514055
0.326724658252478
0.323278512404382
0.319817322015944
0.316498877493385
0.313452712561013
0.310774762957491
0.308524720371434
0.306726128071738
0.305369075967471
0.304415177877668
0.303804364007623
0.303462906652888
0.303312024242148
0.303276382404355
0.303291832113294
0.30331179225374
0.30331179225374
0.303291832113294
0.303276382404355
0.303312024242148
0.303462906652888
0.303804364007623
0.304415177877668
0.305369075967471
0.306726128071738
0.308524720371434
0.310774762957491
0.313452712561013
0.316498877493385
0.319817322015944
0.323278512404382
0.326724658252478
0.329977512514055
0.332848215085384
0.335148609468404
0.336703340935154
0.337361966258013
0.337010275438231
0.33558004784276
0.333056538341111
0.329483109713873
0.324962588977648
0.319655117833187
0.313772479565811
0.30756910337047
0.30133015859762
0.295357342431888
0.289953122731988
0.285404312765332
0.281965918502861
0.279846207203816
0.279193896817556
0.280088261376177
0.282532793580471
0.286452870831108
0.291697646264448
0.29804614508486
0.305217302945177
0.312883451883245
0.320686554322724
0.328256319359419
0.335229218202745
0.341267354566553
0.346076145004216
0.349419824061004
0.351133906437782
0.817541175446542
0.810097271411938
0.795508012045737
0.774355952878248
0.747479352610386
0.715931623443036
0.680930700616625
0.643801022934351
0.605911190251967
0.568610565336838
0.53316810583885
0.500716547808667
0.472204726318931
0.448360332285056
0.429664797143094
0.41634130500243
0.40835619618868
0.405433289742621
0.407079957947926
0.41262317277937
0.421253246370376
0.432072631908033
0.444146955609769
0.456555422613318
0.468437877525013
0.47903609191275
0.487727275060553
0.494048332080254
0.497709990537717
0.498600545119317
0.496779590451611
0.49246268723623
0.485998402274056
0.477839550356596
0.468510724437986
0.458574317616194
0.448597213138725
0.439120153087392
0.430631507509091
0.423546776107938
0.418194692827383
0.414810302477603
0.413534872680386
0.414422028123223
0.417449079137482
0.422532189976764
0.42954381450451
0.438330731236578
0.448731040267937
0.460588637273129
0.473763941875665
0.488140009139162
0.503623567578879
0.520140974480183
0.537629526780142
0.556024980658918
0.575246484850492
0.595180395350195
0.615664592571351
0.636474953446952
0.65731553620717
0.677813819023958
0.697522008321903
0.715925018932558
0.732455253439961
0.746513803716234
0.757497198076743
0.764828357356901
0.767990035261014
0.766558731171627
0.760236899782833
0.748881256338498
0.732525095081672
0.711392798631523
0.685905105031915
0.656674196186875
0.624488247927462
0.590285703930098
0.555120165358732
0.52011738633353
0.486426394149693
0.455167178107722
0.427377683121473
0.403962982797428
0.385649479314149
0.372946781975385
0.366119560755833
0.365171173338428
0.369840250770455
0.379610732020676
0.393735100859627
0.411269842118526
0.43112144153012
0.452100644962552
0.472982205312866
0.492567008238763
0.509743302280039
0.523543775840599
0.533195423413818
0.538159516061218
0.874165934904157
0.870817448596521
0.864300598051042
0.854963195945767
0.843296823988437
0.829903230284563
0.815453581003095
0.800643629916334
0.786148158572711
0.772578067896108
0.760443267402751
0.750124030208657
0.741852798961351
0.735707594275427
0.731617259466178
0.729377846153755
0.728678578179767
0.729135094666435
0.730327124859914
0.731837430431534
0.733288789473516
0.734375994432155
0.734890276900963
0.734734219451729
0.733926015983532
0.732592832655582
0.730953929514273
0.729295055271209
0.727936355684446
0.727196580966305
0.727356695574702
0.728626058801198
0.731114151148099
0.734810384684649
0.73957388998732
0.745134369257936
0.751104208809598
0.757001125933235
0.762279758713937
0.766369862198219
0.768718210458025
0.768830967297839
0.766313206400149
0.760902442211308
0.752493462629121
0.74115240056629
0.72711879352998
0.710795295035439
0.692725647289704
0.673562426907222
0.654026863532356
0.634863643149874
0.616793995404139
0.600470496909598
0.586436889873288
0.575095827810457
0.566686848228269
0.561276084039428
0.558758323141739
0.558871079981553
0.561219428241359
0.56530953172564
0.570588164506343
0.57648508162998
0.582454921181642
0.588015400452258
0.592778905754928
0.596475139291479
0.59896323163838
0.600232594864876
0.600392709473273
0.599652934755132
0.598294235168369
0.596635360925305
0.594996457783996
0.593663274456046
0.592855070987849
0.592699013538615
0.593213296007423
0.594300500966062
0.595751860008044
0.597262165579664
0.598454195773142
0.59891071225981
0.598211444285822
0.5959720309734
0.591881696164151
0.585736491478226
0.57746526023092
0.567146023036827
0.55501122254347
0.541441131866866
0.526945660523243
0.512135709436483
0.497686060155015
0.48429246645114
0.472626094493811
0.463288692388535
0.456771841843057
0.453423355535421
0.669361775584982
0.652795921094321
0.620550769516715
0.57435041820468
0.51666125376332
0.450555874906336
0.379543904518534
0.307379268159579
0.237854823374609
0.174595902369107
0.120864342382727
0.0793839251225865
0.0521968694834094
0.0405591974871013
0.0448805306380892
0.0647113066012961
0.0987776852972969
0.145061698332639
0.200921643973992
0.263245488807548
0.328628234673789
0.393562946561291
0.45463448246249
0.508704951948638
0.553080550623455
0.585650629538321
0.60499158451415
0.610430283002234
0.602064155633862
0.580737621046526
0.547977034898105
0.505888709105157
0.457026598947213
0.404237887228049
0.35049581616976
0.298729670735979
0.251661777961602
0.211660767642876
0.180619186974379
0.159861953233716
0.150090168383599
0.15136263096229
0.163115099104238
0.184215122604976
0.21304820518001
0.24762930091385
0.285732291547149
0.325029207846668
0.363230592802194
0.398218568355412
0.428164839754257
0.451627000632438
0.467618008641241
0.475645485237241
0.475719438190239
0.468328987891795
0.454390575027135
0.435171821758791
0.412196610213531
0.387137950597984
0.361705782069323
0.337536956469123
0.316094301799192
0.29858088145016
0.285874415678909
0.278485394902816
0.276540787987758
0.279793541015045
0.28765638433412
0.299256925348442
0.313509697936049
0.329199846340337
0.345072499763932
0.359921676661339
0.372672750935939
0.382453095175825
0.388646442914422
0.390927715150388
0.389276451457884
0.383968477143124
0.375546924382112
0.364775108238659
0.352574947313317
0.339955537041853
0.3279370738724
0.317475555801649
0.309393538772462
0.304321724010141
0.302655327105237
0.30452809516886
0.309805570195581
0.318097833004527
0.328790596585604
0.341092243501283
0.354093305458067
0.366834037932079
0.378375205004302
0.38786699437442
0.394611141509596
0.398111842578888
3
2
6
6
4
10
0.3
0.8
0.75
0.02
14
