10000000
0 0 0
1 0 0
2 0 0
3 0 0
4 0 0
5 0 0
7 0 0
9 0 0
11 0 0
13 1 0
16 1 0
18 1 0
22 1 0
25 2 0
29 2 0
34 3 0
40 4 0
46 5 0
54 6 0
63 7 0
74 8 0
87 10 0
102 12 0
120 14 0
141 16 0
164 19 0
191 22 0
222 26 0
258 31 0
297 36 1
341 43 1
390 50 1
445 58 1
506 68 1
572 79 1
646 92 1
728 106 2
817 122 2
917 141 2
1027 161 2
1149 185 3
1286 211 3
1438 240 4
1608 273 4
1799 309 5
2015 350 5
2258 396 6
2533 447 7
2845 504 8
3200 567 9
3603 639 10
4063 719 11
4588 808 12
5188 909 14
5875 1023 16
6661 1151 18
7560 1295 20
8590 1459 22
9768 1644 25
11114 1854 28
12648 2093 32
14391 2365 36
16364 2674 41
18588 3026 46
21080 3427 52
23858 3883 59
26932 4401 66
30315 4989 75
34011 5656 85
38024 6409 95
42357 7258 108
47009 8211 122
51984 9279 137
57285 10471 155
62921 11795 174
68906 13261 196
75262 14879 220
82022 16658 246
89229 18607 275
96941 20735 307
105234 23054 342
114204 25573 381
123973 28305 423
134692 31265 468
146549 34467 518
159773 37931 572
174636 41680 630
191454 45743 694
210577 50152 764
232375 54949 839
257211 60185 923
285401 65919 1014
317180 72221 1114
352661 79173 1224
391806 86863 1346
434427 95391 1481
480190 104861 1631
528655 115378 1796
579321 127048 1979
631675 139967 2182
