0.69627932972086
0.691625168824479
0.682466584406229
0.669097416901091
0.65194460468717
0.631552319847246
0.608561975027333
0.583689008223549
0.557697477558219
0.531373565927068
0.505499103578971
0.480826166868774
0.458053708916366
0.437807031238366
0.420620725645909
0.406925515548846
0.39703921871306
0.39116185265263
0.389374721161224
0.391643165926751
0.397822547987948
0.407666944151925
0.420840004317961
0.436927414711799
0.455450444284169
0.475880109674829
0.497651569370287
0.520178440471315
0.542866812477804
0.565128803318706
0.586395556828462
0.606129613574706
0.623836596547515
0.639076140605356
0.651471963186435
0.660720929295124
0.666600913470012
0.668977213582403
0.66780723429521
0.663143139552264
0.655132179846313
0.644014435417177
0.630117782574505
0.613849985801819
0.595687939100308
0.576164219456685
0.555851264471574
0.53534363463605
0.515238957335383
0.496118263384904
0.47852650780643
0.462954106566333
0.449820314648189
0.439459215777369
0.432108991421243
0.427904990875878
0.42687694305531
0.428950444493865
0.433952639559682
0.441621791627241
0.451620241831729
0.463550078088429
0.476970702611645
0.491417399931187
0.506419974871296
0.521520552977419
0.536289712515857
0.550340241846058
0.56333797984573
0.575009388724271
0.585145714792047
0.593603799557815
0.600303797110565
0.605224221515157
0.608394879423267
0.609888330612279
0.609810558397302
0.608291522094704
0.605476207807
0.601516697895843
0.59656565251506
0.590771449412885
0.584275072948341
0.577208692160272
0.569695732281844
0.561852134182214
0.553788419354979
0.545612138884129
0.537430284742131
0.52935127903158
0.521486226593922
0.513949211459466
0.506856528702625
0.500324860110082
0.494468514171112
0.489395948429446
0.485205866844509
0.481983230304077
0.47979553126835
0.47868966308235
0
0
0
0
0
0
0
0
0
0
0
0
0
0
0
0
0
0
0
0
0
0
0
0
0
0
0
0
0
0
0
0
0
0
0
0
0
0
0
0
0
0
0
0
0
0
0
0
0
0
0
0
0
0
0
0
0
0
0
0
0
0
0
0
0
0
0
0
0
0
0
0
0
0
0
0
0
0
0
0
0
0
0
0
0
0
0
0
0
0
0
0
0
0
0
0
0
0
0
0
0.64312294040976
0.634523201592685
0.617647184919174
0.593127846889242
0.561880346301207
0.525062668492186
0.484025961679448
0.440256845251592
0.395314309288248
0.350764061529038
0.308113281592031
0.268748707908226
0.233880812574018
0.204496521540481
0.18132252668885
0.164800732140913
0.155076803748655
0.152002175441316
0.155149238225863
0.163838826889915
0.177178554679111
0.194110053958064
0.213462784105722
0.234011784989467
0.254536598145318
0.273878554994019
0.290993742360159
0.304999194139552
0.315210211985345
0.321167169667275
0.322650682984452
0.319684603922964
0.312526896004273
0.301649038406884
0.287705160884711
0.271492603037178
0.253905996544323
0.235887268282694
0.218374141706501
0.202249765309
0.188296018424675
0.177152840485134
0.169285610603899
0.164962186129876
0.164240712465259
0.166968766652054
0.172793821219708
0.181184441018262
0.191461082549299
0.202834879431348
0.214452393041858
0.225444004006799
0.234973433030534
0.242285817839556
0.24675183986671
0.247905586533199
0.245474143247089
0.239397318482008
0.229836395512067
0.217171351544952
0.20198656227116
0.185045588865188
0.16725619672231
0.14962725342579
0.133219572922686
0.119093092732731
0.108252975121473
0.101597301032981
0.0998689728177239
0.103614260374985
0.113150123491052
0.128542035012193
0.149593534375744
0.175848182553792
0.206603994418993
0.240939821567772
0.277752576868692
0.315803659662402
0.353772483561994
0.390314649587341
0.424122063684395
0.453982181804639
0.478833583823107
0.497815229414211
0.51030702792246
0.515959747485378
0.514712777897342
0.506798824003461
0.492735215277115
0.473302143858682
0.449508757985486
0.422548611188294
0.39374647252579
0.364498915337364
0.336211401740576
0.310234752920216
0.287803932698863
0.269981971913575
0.257611628244072
0.251277021155899
1
1
1
1
1
1
1
1
1
1
1
1
1
1
1
1
1
1
1
1
1
1
1
1
1
1
1
1
1
1
1
1
1
1
1
1
1
1
1
1
1
1
1
1
1
1
1
1
1
1
1
1
1
1
1
1
1
1
1
1
1
1
1
1
1
1
1
1
1
1
1
1
1
1
1
1
1
1
1
1
1
1
1
1
1
1
1
1
1
1
1
1
1
1
1
1
1
1
1
1
1
1
1
1
1
1
1
1
1
1
1
1
1
1
1
1
1
1
1
1
1
1
1
1
1
1
1
1
1
1
1
1
1
1
1
1
1
1
1
1
1
1
1
1
1
1
1
1
1
1
1
1
1
1
1
1
1
1
1
1
1
1
1
1
1
1
1
1
1
1
1
1
1
1
1
1
1
1
1
1
1
1
1
1
1
1
1
1
1
1
1
1
1
1
1
1
1
1
1
1
3
2
6
6
4
10
0.3
0.8
0.75
0.02
14
