10000000
0 0 0
0 0 0
1 0 0
1 0 0
2 0 0
3 0 0
4 0 0
5 0 0
6 0 0
7 0 0
8 0 0
9 1 0
10 1 0
10 1 0
11 1 0
12 2 0
13 2 0
13 2 0
14 3 0
14 3 0
15 4 0
15 4 0
16 4 0
16 5 0
17 5 0
18 6 0
19 6 0
20 7 0
21 7 0
22 8 0
24 8 0
26 9 0
29 10 0
32 10 0
36 11 0
40 12 0
44 13 0
49 14 0
54 15 0
60 16 0
65 17 0
70 19 0
75 20 0
79 22 1
84 24 1
88 26 1
91 28 1
95 31 1
99 33 1
103 35 1
107 38 1
112 41 1
117 44 1
123 47 1
130 50 1
137 53 1
146 56 1
157 59 1
169 63 1
183 66 2
200 70 2
219 75 2
239 79 2
261 84 2
285 90 2
309 96 2
334 103 2
359 110 3
385 118 3
411 127 3
436 136 3
462 147 3
489 158 4
516 169 4
544 181 4
574 195 5
605 208 5
640 223 5
678 238 6
722 254 6
773 271 6
832 289 7
902 308 7
982 328 8
1075 350 8
1178 374 9
1291 399 10
1412 428 10
1540 459 11
1673 493 12
1812 530 13
1955 571 14
2102 615 15
2255 664 16
2415 717 17
2583 773 19
2761 835 20
2952 900 22
3159 971 23
3385 1046 25
