0.849099311235368
0.846269096906245
0.840705431781207
0.832597041428382
0.822215291987157
0.809900894433242
0.796047410770653
0.781082521015551
0.765448133476806
0.749580477951601
0.733891308698174
0.718751262441554
0.704476271526745
0.691317732930539
0.679456892824528
0.669003638971196
0.659999616274634
0.65242531169978
0.646210510388285
0.641247320411532
0.637404811937189
0.634544227020974
0.63253369421058
0.631261428829656
0.63064651201774
0.63064651201774
0.631261428829656
0.632533694210581
0.634544227020974
0.637404811937189
0.641247320411532
0.646210510388285
0.65242531169978
0.659999616274634
0.669003638971196
0.679456892824528
0.691317732930539
0.704476271526745
0.718751262441554
0.733891308698174
0.749580477951601
0.765448133476806
0.781082521015551
0.796047410770653
0.809900894433242
0.822215291987157
0.832597041428382
0.840705431781207
0.846269096906245
0.849099311235368
0.849099311235368
0.846269096906245
0.840705431781207
0.832597041428382
0.822215291987157
0.809900894433242
0.796047410770653
0.781082521015551
0.765448133476806
0.749580477951601
0.733891308698174
0.718751262441554
0.704476271526745
0.691317732930539
0.679456892824528
0.669003638971196
0.659999616274634
0.65242531169978
0.646210510388285
0.641247320411532
0.637404811937189
0.634544227020974
0.632533694210581
0.631261428829656
0.63064651201774
0.63064651201774
0.631261428829656
0.63253369421058
0.634544227020974
0.637404811937189
0.641247320411532
0.646210510388285
0.65242531169978
0.659999616274634
0.669003638971196
0.679456892824528
0.691317732930539
0.704476271526745
0.718751262441554
0.733891308698174
0.749580477951601
0.765448133476806
0.781082521015551
0.796047410770653
0.809900894433242
0.822215291987157
0.832597041428382
0.840705431781207
0.846269096906245
0.849099311235368
0
0
0
0
0
0
0
0
0
0
0
0
0
0
0
0
0
0
0
0
0
0
0
0
0
0
0
0
0
0
0
0
0
0
0
0
0
0
0
0
0
0
0
0
0
0
0
0
0
0
0
0
0
0
0
0
0
0
0
0
0
0
0
0
0
0
0
0
0
0
0
0
0
0
0
0
0
0
0
0
0
0
0
0
0
0
0
0
0
0
0
0
0
0
0
0
0
0
0
0
0.761972929757658
0.756709327192527
0.746426030977145
0.731595776107691
0.712891050211263
0.69114312977549
0.667292172778805
0.642331934401799
0.617253018985759
0.592988628883302
0.570366517240677
0.550070318563334
0.532612661485481
0.51832152420151
0.507340249689618
0.499640577814438
0.495047058208333
0.493270359374049
0.493946351740752
0.496677464390227
0.501072724886884
0.5067830940411
0.513529184028763
0.521119158698303
0.529455500105429
0.538530312429623
0.548409842520709
0.559209842934604
0.571064211048929
0.584089940574949
0.598351769945253
0.613829976645859
0.630394541450228
0.647788408969027
0.665621840260134
0.683378947677181
0.700436494193988
0.716094010167314
0.729613312991225
0.740264687878443
0.747376368751444
0.750383598338011
0.748873477030767
0.742622038944862
0.731620505315942
0.716088421884704
0.696472330673817
0.673429685039857
0.647798808243713
0.620556735342108
0.592767685099646
0.565525612198041
0.539894735401897
0.516852089767938
0.49723599855705
0.481703915125812
0.470702381496892
0.464450943410987
0.462940822103743
0.46594805169031
0.473059732563311
0.483711107450529
0.49723041027444
0.512887926247766
0.529945472764573
0.547702580181621
0.565536011472727
0.582929878991526
0.599494443795895
0.614972650496501
0.629234479866805
0.642260209392825
0.654114577507151
0.664914577921046
0.674794108012131
0.683868920336325
0.692205261743451
0.699795236412991
0.706541326400654
0.71225169555487
0.716646956051527
0.719378068701002
0.720054061067705
0.718277362233421
0.713683842627316
0.705984170752136
0.695002896240244
0.680711758956273
0.66325410187842
0.642957903201077
0.620335791558452
0.596071401455995
0.570992486039955
0.546032247662949
0.522181290666264
0.500433370230491
0.481728644334063
0.466898389464609
0.456615093249227
0.451351490684096
1
1
1
1
1
1
1
1
1
1
1
1
1
1
1
1
1
1
1
1
1
1
1
1
1
1
1
1
1
1
1
1
1
1
1
1
1
1
1
1
1
1
1
1
1
1
1
1
1
1
1
1
1
1
1
1
1
1
1
1
1
1
1
1
1
1
1
1
1
1
1
1
1
1
1
1
1
1
1
1
1
1
1
1
1
1
1
1
1
1
1
1
1
1
1
1
1
1
1
1
1
1
1
1
1
1
1
1
1
1
1
1
1
1
1
1
1
1
1
1
1
1
1
1
1
1
1
1
1
1
1
1
1
1
1
1
1
1
1
1
1
1
1
1
1
1
1
1
1
1
1
1
1
1
1
1
1
1
1
1
1
1
1
1
1
1
1
1
1
1
1
1
1
1
1
1
1
1
1
1
1
1
1
1
1
1
1
1
1
1
1
1
1
1
1
1
1
1
1
1
3
2
6
6
4
10
0.3
0.8
0.75
0.02
14
