10000000
0 0 0
0 0 0
0 0 0
0 0 0
0 0 0
0 0 0
0 0 0
0 0 0
0 0 0
1 0 0
1 0 0
1 0 0
1 0 0
2 0 0
2 0 0
3 0 0
4 0 0
5 0 0
6 0 0
7 1 0
9 1 0
11 1 0
14 1 0
17 2 0
21 2 0
25 2 0
31 3 1
37 4 1
45 5 1
55 6 1
67 7 1
81 9 2
98 10 2
119 13 2
143 16 3
172 19 4
207 23 4
249 28 5
298 34 6
356 41 8
424 49 9
504 59 11
597 71 13
707 86 16
835 103 19
984 123 23
1158 146 27
1362 174 32
1600 207 38
1879 246 45
2208 292 54
2595 345 63
3053 408 75
3598 481 88
4246 568 104
5022 669 122
5953 789 144
7072 931 170
8421 1099 201
10050 1298 237
12017 1534 281
14392 1816 333
17258 2153 395
20709 2557 469
24854 3041 559
29814 3621 667
35727 4318 796
42738 5155 951
51008 6158 1138
60702 7360 1361
71990 8795 1627
85043 10507 1943
100025 12540 2318
117090 14946 2761
136374 17781 3280
157987 21106 3887
182008 24987 4592
208477 29490 5405
237387 34687 6339
268678 40649 7404
302234 47447 8609
337881 55150 9966
375384 63821 11482
414458 73520 13165
454767 84296 15018
495943 96188 17045
537592 109224 19247
579314 123417 21621
620714 138765 24162
661417 155253 26861
701083 172848 29710
739410 191501 32695
776146 211149 35801
811091 231719 39012
844096 253122 42309
875061 275262 45673
903934 298036 49085
930704 321335 52526
955395 345048 55976
978062 369065 59416
