0.84842787146663
0.841273359304845
0.827277291007446
0.807050938208499
0.781475305700545
0.751659970197102
0.718891302957041
0.68457254410989
0.650158583256636
0.617088550665778
0.586719424192687
0.560263804139598
0.538734804255251
0.522900661825531
0.513251199997833
0.509977703767433
0.512967124984053
0.521810842429216
0.535827503657107
0.554098799541433
0.575516402836466
0.598837768334908
0.622748070032476
0.645925260349443
0.667105091815268
0.68514294956994
0.69906950309463
0.708137489943264
0.71185737814061
0.710020196335659
0.702706445518491
0.690280682929336
0.673372065009238
0.652841818232137
0.629739241480027
0.605248400617782
0.580628128191719
0.55714826687034
0.536025278629082
0.518360373882231
0.505083194207925
0.496903814790685
0.494275431106693
0.497369578057543
0.50606512361487
0.519951612306349
0.538346838718615
0.560327841160513
0.584773854029657
0.610419175723711
0.635913425242749
0.659886298334311
0.681013710688986
0.698082142163291
0.710048075935029
0.716089656140009
0.715648055940404
0.708456537490078
0.694555772408365
0.674294647959655
0.648316478617848
0.617531241694375
0.583075125620095
0.546259288079255
0.508510239222757
0.471304667713729
0.436101795006438
0.404276463139197
0.377056127646418
0.355464741560905
0.340276187788008
0.331979461169969
0.330757240222129
0.336478848778333
0.348707920363836
0.366724376041513
0.38955964347178
0.416043413785298
0.44485968388551
0.474609391311657
0.503876637911967
0.531295332170288
0.555613066010632
0.575749180850869
0.5908442628057
0.600298724433096
0.603798660094285
0.601327778278641
0.593164887394812
0.579867109084422
0.562239681448409
0.541293860519473
0.518195000753711
0.494203366690519
0.470610575563879
0.448674777834943
0.429557739427255
0.414266893208544
0.403605182685656
0.398131139825008
0
0
0
0
0
0
0
0
0
0
0
0
0
0
0
0
0
0
0
0
0
0
0
0
0
0
0
0
0
0
0
0
0
0
0
0
0
0
0
0
0
0
0
0
0
0
0
0
0
0
0
0
0
0
0
0
0
0
0
0
0
0
0
0
0
0
0
0
0
0
0
0
0
0
0
0
0
0
0
0
0
0
0
0
0
0
0
0
0
0
0
0
0
0
0
0
0
0
0
0
0.667497794713927
0.659687192118224
0.644510177733433
0.622829253517622
0.595875006827652
0.565174513654209
0.532462608974312
0.499581271273747
0.468373062843833
0.440574906416532
0.417718442350485
0.401042801867513
0.391424876166178
0.389331104878892
0.394793514586879
0.407411287341009
0.426377618029603
0.450530119613257
0.478421646723652
0.508407213841477
0.53874175509625
0.567682863206945
0.593592390171759
0.615030905370116
0.630839478784893
0.640204057436929
0.642698781490541
0.638305875940134
0.627411175043747
0.610775802961968
0.589485956462377
0.56488402840414
0.538485396840691
0.511886019912706
0.486666474139375
0.464298225853797
0.446057726214519
0.43295338477561
0.425669640701557
0.424531268094535
0.429489790886959
0.440132521965906
0.455713364651761
0.475203206550213
0.497356575341722
0.520790282651543
0.544069111133724
0.56579323938521
0.58468206787197
0.599649404829301
0.609865572069458
0.614802856164907
0.614261804037169
0.608377074778653
0.597602834910956
0.582678942553871
0.564580329417901
0.544452987189239
0.523540736928863
0.50310746148448
0.484359683955894
0.468374271265025
0.456035641476351
0.447986185752064
0.444592726196632
0.445930778232063
0.451787238982062
0.461680955000309
0.474899507563974
0.490549561433216
0.507617314600531
0.52503501086863
0.541749167482245
0.556786142546336
0.56931091946183
0.578675498113865
0.584454018666761
0.58646265325062
0.584763322705432
0.57965136246625
0.571628304054116
0.561361889244462
0.549636232227743
0.537295640865166
0.52518596503043
0.51409743746355
0.50471280708769
0.497564150085783
0.493001110099069
0.491172509699945
0.492022345954907
0.495300196050935
0.500585080567253
0.507320926993803
0.514861004241384
0.522518110734847
0.529616932394756
0.535544865688947
0.539797731918653
0.542017182184831
1
1
1
1
1
1
1
1
1
1
1
1
1
1
1
1
1
1
1
1
1
1
1
1
1
1
1
1
1
1
1
1
1
1
1
1
1
1
1
1
1
1
1
1
1
1
1
1
1
1
1
1
1
1
1
1
1
1
1
1
1
1
1
1
1
1
1
1
1
1
1
1
1
1
1
1
1
1
1
1
1
1
1
1
1
1
1
1
1
1
1
1
1
1
1
1
1
1
1
1
1
1
1
1
1
1
1
1
1
1
1
1
1
1
1
1
1
1
1
1
1
1
1
1
1
1
1
1
1
1
1
1
1
1
1
1
1
1
1
1
1
1
1
1
1
1
1
1
1
1
1
1
1
1
1
1
1
1
1
1
1
1
1
1
1
1
1
1
1
1
1
1
1
1
1
1
1
1
1
1
1
1
1
1
1
1
1
1
1
1
1
1
1
1
1
1
1
1
1
1
3
2
6
6
4
10
0.3
0.8
0.75
0.02
14
