0.57544399720953
0.57361021097255
0.570007871221053
0.564764478369428
0.558064011734533
0.550138592739714
0.541257997090601
0.531717515046451
0.521824737068683
0.511885892546462
0.502192389561172
0.493008192792625
0.484558635223256
0.477021189268367
0.470518627732092
0.465114889154672
0.460813831262415
0.457560916665557
0.455247733397412
0.453719116171687
0.452782508940152
0.452219101495384
0.451796187675916
0.451280134294873
0.450449321038951
0.449106413658402
0.447089365684627
0.44428060607744
0.44061395861653
0.436078949243433
0.430722284604096
0.424646422607658
0.418005297266782
0.410997398593149
0.403856537204505
0.396840736335772
0.390219785678206
0.384262057465453
0.379221222291039
0.375323508479613
0.372756124125271
0.371657406331782
0.37210918035754
0.374131706212227
0.377681466825892
0.382651916148849
0.388877163971819
0.396138433690037
0.404172996435387
0.412685166356622
0.421358843048526
0.429871012969761
0.437905575715111
0.445166845433329
0.451392093256299
0.456362542579256
0.459912303192921
0.461934829047608
0.462386603073366
0.461287885279877
0.458720500925536
0.454822787114109
0.449781951939695
0.443824223726942
0.437203273069376
0.430187472200643
0.423046610811999
0.416038712138366
0.40939758679749
0.403321724801052
0.397965060161715
0.393430050788619
0.389763403327708
0.386954643720521
0.384937595746746
0.383594688366197
0.382763875110275
0.382247821729232
0.381824907909764
0.381261500464996
0.380324893233461
0.378796276007736
0.376483092739592
0.373230178142733
0.368929120250476
0.363525381673056
0.357022820136781
0.349485374181892
0.341035816612524
0.331851619843976
0.322158116858686
0.312219272336465
0.302326494358698
0.292786012314547
0.283905416665434
0.275979997670615
0.26927953103572
0.264036138184095
0.260433798432598
0.258600012195618
0
0
0
0
0
0
0
0
0
0
0
0
0
0
0
0
0
0
0
0
0
0
0
0
0
0
0
0
0
0
0
0
0
0
0
0
0
0
0
0
0
0
0
0
0
0
0
0
0
0
0
0
0
0
0
0
0
0
0
0
0
0
0
0
0
0
0
0
0
0
0
0
0
0
0
0
0
0
0
0
0
0
0
0
0
0
0
0
0
0
0
0
0
0
0
0
0
0
0
0
0
0
0
0
0
0
0
0
0
0
0
0
0
0
0
0
0
0
0
0
0
0
0
0
0
0
0
0
0
0
0
0
0
0
0
0
0
0
0
0
0
0
0
0
0
0
0
0
0
0
0
0
0
0
0
0
0
0
0
0
0
0
0
0
0
0
0
0
0
0
0
0
0
0
0
0
0
0
0
0
0
0
0
0
0
0
0
0
0
0
0
0
0
0
0
0
0
0
0
0
1
1
1
1
1
1
1
1
1
1
1
1
1
1
1
1
1
1
1
1
1
1
1
1
1
1
1
1
1
1
1
1
1
1
1
1
1
1
1
1
1
1
1
1
1
1
1
1
1
1
1
1
1
1
1
1
1
1
1
1
1
1
1
1
1
1
1
1
1
1
1
1
1
1
1
1
1
1
1
1
1
1
1
1
1
1
1
1
1
1
1
1
1
1
1
1
1
1
1
1
1
1
1
1
1
1
1
1
1
1
1
1
1
1
1
1
1
1
1
1
1
1
1
1
1
1
1
1
1
1
1
1
1
1
1
1
1
1
1
1
1
1
1
1
1
1
1
1
1
1
1
1
1
1
1
1
1
1
1
1
1
1
1
1
1
1
1
1
1
1
1
1
1
1
1
1
1
1
1
1
1
1
1
1
1
1
1
1
1
1
1
1
1
1
1
1
1
1
1
1
3
2
6
6
4
10
0.3
0.8
0.75
0.02
14
