10000000
0 0 0
0 0 0
1 0 0
1 0 0
2 0 0
3 0 0
4 0 0
6 0 0
7 0 0
9 0 0
12 1 0
14 1 0
17 1 0
20 1 0
23 2 0
27 2 0
31 3 0
35 4 0
40 5 0
45 6 0
51 7 0
58 8 0
67 10 0
76 11 0
88 13 0
102 15 0
119 18 0
140 20 1
166 24 1
198 27 1
237 32 1
285 37 1
345 43 1
419 51 1
510 60 1
623 70 2
764 84 2
940 100 2
1162 119 3
1443 144 3
1800 173 4
2255 210 5
2836 256 6
3578 314 7
4523 386 9
5721 477 11
7224 592 14
9089 737 17
11367 920 21
14103 1151 26
17326 1441 33
21049 1802 41
25265 2248 50
29953 2795 63
35087 3458 77
40645 4253 95
46621 5194 116
53040 6297 141
59962 7576 170
67495 9046 204
75800 10721 242
85102 12617 286
95699 14754 336
107980 17155 393
122448 19849 457
139751 22875 529
160726 26283 611
186451 30141 705
218318 34536 813
258102 39581 937
308036 45427 1084
370844 52267 1257
449697 60352 1463
548029 70003 1713
669178 81624 2016
815835 95710 2385
989419 112856 2835
1189508 133749 3384
1413565 159148 4047
1657083 189850 4845
1914146 226648 5795
2178257 270272 6913
2443169 321347 8215
2703505 380343 9711
2955066 447554 11410
3194856 523085 13317
3420914 606850 15431
3632089 698595 17749
3827818 797908 20264
4007956 904256 22965
4172664 1016999 25838
4322336 1135425 28867
4457546 1258765 32034
4579020 1386222 35319
4687601 1516986 38702
4784217 1650250 42161
4869847 1785228 45676
4945488 1921166 49224
5012125 2057348 52786
5070703 2193111 56341
