10000000
0 0 0
0 0 0
1 0 0
1 0 0
2 0 0
3 0 0
4 0 0
5 0 0
6 0 0
8 0 0
9 0 0
12 1 0
14 1 0
17 1 0
20 2 0
24 2 0
29 3 0
35 3 0
42 4 0
50 5 0
59 6 0
71 7 0
85 9 0
102 11 0
122 13 0
147 16 0
176 19 0
210 23 1
251 28 1
299 33 1
354 40 1
419 48 1
493 57 1
578 68 2
674 82 2
783 97 2
905 115 3
1042 136 3
1195 161 3
1366 189 4
1555 222 5
1766 259 6
2001 302 7
2262 350 8
2555 406 9
2885 468 10
3257 538 12
3680 618 14
4163 707 16
4719 808 18
5361 922 21
6108 1051 24
6978 1197 27
7995 1362 31
9185 1550 36
10574 1765 41
12194 2010 47
14076 2292 53
16252 2616 61
18758 2989 70
21630 3420 80
24908 3917 91
28636 4491 104
32862 5152 119
37645 5914 136
43052 6791 156
49163 7797 178
56073 8951 204
63895 10271 233
72767 11780 266
82846 13501 303
94324 15464 346
107422 17699 394
122401 20245 449
139566 23144 512
159272 26444 583
181933 30204 664
208028 34490 757
238117 39381 864
272850 44965 986
312981 51350 1126
359381 58657 1287
413049 67030 1473
475112 76635 1687
546817 87664 1935
629500 100343 2222
724541 114927 2554
833276 131713 2938
956903 151035 3382
1096355 173268 3894
1252169 198825 4484
1424367 228155 5162
1612359 261730 5939
1814884 300040 6825
2030013 343571 7831
2255200 392791 8969
2487407 448130 10249
2723258 509954 11680
2959237 578551 13270
3191893 654109 15026
