10000000
0 0 0
0 0 0
0 0 0
1 0 0
2 0 0
2 0 0
3 0 0
4 0 0
5 0 0
7 0 0
8 0 0
10 1 0
11 1 0
13 1 0
15 1 0
17 2 0
20 2 0
22 3 0
25 3 0
29 4 0
34 5 0
39 5 0
45 6 0
53 7 0
63 9 0
75 10 0
89 12 0
106 14 0
126 16 1
150 19 1
178 22 1
211 26 1
251 31 1
299 37 1
356 43 1
425 51 2
507 60 2
605 72 2
722 85 3
864 101 3
1035 120 4
1243 143 4
1497 170 5
1812 203 6
2206 243 8
2705 291 9
3342 349 12
4159 420 14
5207 507 18
6542 615 22
8227 750 27
10323 918 33
12891 1129 41
15980 1393 51
19634 1723 63
23883 2134 78
28748 2642 96
34244 3264 118
40379 4019 144
47158 4927 175
54591 6008 212
62690 7283 255
71478 8773 306
80996 10499 365
91319 12482 435
102580 14745 515
115016 17311 608
129036 20205 717
145321 23458 842
164963 27108 989
189628 31210 1159
221737 35839 1358
264588 41107 1592
322384 47181 1868
400041 54303 2194
502731 62811 2581
635129 73166 3041
800486 85967 3589
999715 101952 4240
1230795 121988 5013
1488715 147030 5926
1766027 178065 6998
2053866 216046 8248
2343143 261816 9692
2625591 316038 11344
2894469 379153 13215
3144878 451346 15311
3373743 532543 17633
3579592 622423 20176
3762240 720449 22933
3922456 825904 25889
4061665 937936 29028
4181696 1055598 32328
4284595 1177892 35765
4372479 1303805 39316
4447439 1432336 42952
4511470 1562527 46649
4566424 1693479 50380
4613973 1824367 54120
4655574 1954452 57847
