329064917
1 0 0
1 0 0
2 0 0
2 0 0
5 0 0
5 0 0
5 0 0
6 0 0
6 0 0
8 0 0
8 0 0
8 0 0
11 0 0
11 0 0
11 0 0
12 0 0
12 0 0
12 0 0
12 3 0
12 3 0
13 3 0
13 3 0
14 3 0
14 3 0
14 3 0
14 3 0
14 3 0
14 3 0
14 3 0
14 3 0
16 5 0
16 5 0
16 5 0
16 5 0
16 6 0
16 6 0
17 6 0
17 7 0
25 7 1
32 7 1
55 7 6
74 7 7
107 7 11
184 7 12
237 7 14
403 7 17
519 7 21
594 7 22
782 8 28
1147 8 33
1586 12 43
2219 12 51
2978 12 58
3212 12 70
4679 17 97
6512 17 134
9169 105 194
13663 121 266
20030 147 372
26025 176 475
34898 178 596
46136 178 788
56755 348 1031
68837 361 1364
86693 681 1784
105383 869 2306
125013 1072 2948
143912 2665 3572
165987 5644 4285
192301 7024 5370
224544 8474 6654
256779 9001 8166
289066 9707 9596
321482 14652 11161
351359 17448 12774
382740 19581 14545
413507 21763 17123
444699 23559 19278
480640 25410 21480
515055 28790 23674
544185 31270 25802
571440 32988 27675
598370 43482 29688
627151 47763 32122
652591 52096 34727
682626 54703 36870
715656 58545 38979
743588 64840 40959
769684 70337 42929
799512 72329 45161
825429 75204 47677
854288 77366 50129
887858 80203 52592
920185 99079 54778
950581 100372 56488
977082 106988 57887
1000785 111424 59395
1025362 115936 61622
1051800 120720 64037
1081020 153947 66234
1115946 164015 68139
1143296 175382 69871
1167593 180152 71060
1191678 187180 72439
1216209 189791 74685
1240769 189910 76997
1268180 195036 78924
1295019 198993 80685
1320155 212534 82152
1339022 216169 83128
1358293 232733 84171
1381241 230287 85771
1401649 243430 87509
1428467 246414 89296
1453214 250747 90966
1477373 268376 92165
1495736 272265 92983
1518126 283178 94210
1539133 289392 95667
1561830 294312 97167
1587596 298418 98355
1611253 350135 99575
1632364 361239 100661
1652431 366736 101298
1671104 379157 101890
1690754 384902 102567
1709303 391508 104029
1731625 399991 105136
1756098 406446 106269
1779731 416461 107223
1798718 444758 107836
1816154 458231 108612
1837656 463868 109593
1857511 479258 110604
1879150 485002 111615
1904550 491706 112509
1925710 500849 113152
1943626 506367 113608
1961263 518522 114115
1979647 524855 115028
2000757 533504 115901
2023890 540292 116731
2048756 547386 117560
2073964 556606 118293
2092912 561816 118635
2112731 576334 119030
2136401 583503 119844
2163465 592191 120583
2191991 599115 121273
2223553 606715 121901
2255823 617460 122463
2280971 622133 122777
2313123 640198 123185
2350198 647548 123933
2386074 656161 124681
2426391 663562 125211
2472385 670809 125837
2513731 679308 126339
2554461 685164 126658
2595744 705203 127041
2642174 720631 127598
2693993 729994 128303
2750622 781970 129019
2801983 790404 129686
2847664 894325 129992
2898432 906763 130317
2941517 924148 130693
3002171 936476 131856
3062290 953462 132697
3124786 969111 133709
3192841 983185 134515
3252874 995576 135242
3311312 1006326 135714
3370208 1031939 136158
3438244 1049098 137087
3506364 1075882 138060
3582184 1090645 139015
3654445 1107204 139940
3716980 1122720 140809
3777456 1131121 141275
3839546 1160087 141838
3904066 1182018 142932
3974630 1210849 144155
4043070 1233269 145241
4116393 1261624 146341
4181308 1279414 147254
4236173 1297863 147788
4292934 1325804 148908
4359391 1355363 150249
4431244 1389425 151676
4498701 1414155 152902
4567420 1438160 154119
4623604 1461885 155213
4669149 1468689 155644
4714678 1513446 156223
4773479 1528979 157563
4827936 1577851 158960
4887293 1598624 160198
4946590 1623870 161430
5000709 1643118 162505
5046463 1656864 163065
5094087 1670755 163653
5142088 1714960 164673
5198137 1753760 166176
5249451 1774648 167238
5314791 1796326 168578
5361712 1818527 169582
5400904 1833067 170191
5437580 1865580 170682
5482614 1898159 171955
5529973 1925049 173255
5573819 1947035 174348
5622562 1965056 175431
5665630 1985484 176406
5699894 1997761 176902
5736547 2020774 177376
5776715 2053699 178603
5822075 2084465 179787
5867305 2101326 180886
5914288 2118367 181844
5956982 2140614 182746
5991382 2153939 183211
6026895 2184825 183753
6068624 2202663 184797
6109630 2231757 185858
6153822 2266957 186890
6204281 2283454 187840
6247282 2302187 188622
6278593 2315995 189066
6302101 2333551 189363
6329570 2359111 189818
6363481 2387479 190968
6399654 2403511 191870
6447378 2417878 193042
6488504 2434658 193765
6522801 2451406 194191
6557227 2474570 194629
6596783 2495127 195831
6635707 2525573 196775
6680932 2540334 197641
6730175 2556465 198549
6772329 2577446 199271
6810732 2590671 199539
6862771 2615949 199967
6902621 2646959 200996
6941693 2670256 202051
6988796 2710183 202958
7037071 2727335 203886
7081721 2750459 204662
7119264 2766280 204978
7152521 2794608 205336
7195940 2813305 206196
7235373 2840688 207132
7281025 2860650 207999
7335884 2873369 208854
7384478 2897322 209535
7420245 2911699 209918
7459711 2935142 210399
7504911 2952390 211088
7555995 2999895 212008
7614586 3021252 213001
7670944 3039089 213969
7725905 3062983 214623
7771805 3075077 215091
7813681 3106728 215486
7865914 3124593 216280
7925692 3155794 217263
7990556 3177397 218121
8059721 3197539 219053
8116431 3220573 219822
8165783 3234138 220312
8233561 3272603 220790
8295527 3295148 221715
8358785 3323354 222865
8435125 3353056 223754
8517007 3375427 224714
8599804 3406656 225666
8661914 3422878 226125
8729338 3460455 226658
8806129 3487666 227628
8885545 3518140 228666
8976644 3554336 229667
9075770 3578452 230735
9165549 3612478 231643
9270467 3630579 232139
9355775 3674981 232712
9482891 3705130 234290
9587499 3743527 235412
9716853 3781751 236561
9844858 3810791 237794
9972166 3851465 238871
10087380 3881491 239442
10207953 3928845 240221
10348449 3961873 241639
10495075 3997175 243075
10659914 4051256 244278
10840303 4095146 245478
11008064 4148444 246824
11144288 4174884 247599
11307233 4244811 248428
11471155 4293640 250147
11644332 4350789 252083
11835880 4410709 254123
12034177 4457930 256071
12213451 4529700 257686
12360235 4526513 258718
12534684 4633600 259815
12710198 4696664 261944
12893485 4835956 264203
13005807 4871203 265588
13213995 4947446 267138
13369528 5023063 268497
13509762 5065030 269533
13670332 5146319 270879
13858551 5226581 273426
14061108 5322128 276245
14284721 5404018 279195
14517506 5470389 281872
14733048 5576026 284217
14914060 5624444 285569
15108918 5714557 287183
15333410 5786915 289810
15555949 5889896 292987
15787464 5985047 295979
16027437 6135314 299394
16245019 6246605 301850
16432715 6298082 303476
16626539 0 305132
16836519 0 308233
17083213 0 311954
17322930 0 315419
17574889 0 318361
17766783 0 321012
17954579 0 322723
18153612 0 324661
18351608 0 328053
18581212 0 331472
18775405 0 334382
18873051 0 335782
19099319 0 337661
19254940 0 339091
19429544 0 341094
19629775 0 344723
19863434 0 348452
20099090 0 351899
20252718 0 354053
20553013 0 356556
20761744 0 357997
20946009 0 360095
21181108 0 363786
21436533 0 367715
21714798 0 371681
22008060 0 375772
22270682 0 379106
22483919 0 381105
22698894 0 383201
22925803 0 387677
23156152 0 391704
23391852 0 395677
23634577 0 399575
23836246 0 403003
24014009 0 404871
24157407 0 406385
24334095 0 409116
24517313 0 413522
24711116 0 417703
24901853 0 421536
25072448 0 424879
25203499 0 426777
25355447 0 428748
25502966 0 432781
25656244 0 436735
25825486 0 440761
25992040 0 444374
26134339 0 447144
26246328 0 448985
26381512 0 451033
26496829 0 454507
26618450 0 458388
26742411 0 462132
26876801 0 465755
26980778 0 468355
27070408 0 469722
27160706 0 471329
27256327 0 474403
27351492 0 477728
27457233 0 480907
27556849 0 483822
27643955 0 486011
27708965 0 487139
27763149 0 488090
27825860 0 489820
27895977 0 492228
27965574 0 494702
28045171 0 497354
28116690 0 499153
28173759 0 500367
28229967 0 501666
28302222 0 503937
28376939 0 507109
28454431 0 509474
28531402 0 511581
28595830 0 513088
28647027 0 514147
28705915 0 515683
28762967 0 517629
28830151 0 520123
28898196 0 522058
28964641 0 523839
29022832 0 525342
29063771 0 526028
29108785 0 526768
29166483 0 528569
29224389 0 530139
29286851 0 531703
29348168 0 533276
29401288 0 535013
29439500 0 535592
29496149 0 536339
29550095 0 537500
29609216 0 538682
29669741 0 540302
29731361 0 541399
29786730 0 542178
29820490 0 542626
29872067 0 543188
29925655 0 544036
30012606 0 545492
30080058 0 547051
30157372 0 548172
30219450 0 548913
30263145 0 549420
30332565 0 550121
30393805 0 550996
30460834 0 552072
30539868 0 553136
30609690 0 554103
30671844 0 554779
