10000000
0 0 0
0 0 0
0 0 0
1 0 0
0 0 0
2 0 0
1 0 0
5 0 0
7 0 0
4 0 0
9 0 0
5 0 0
10 0 0
17 2 0
23 0 0
18 0 0
15 2 0
38 4 0
36 4 0
34 5 0
31 4 0
36 6 0
45 3 0
61 8 0
83 3 0
95 11 0
101 13 0
115 12 0
132 11 1
172 22 0
216 25 2
229 25 2
262 47 0
308 36 0
304 43 1
393 63 2
474 66 2
526 85 2
622 101 5
655 109 1
769 112 6
845 139 3
920 178 5
1051 189 8
1221 209 3
1288 241 6
1540 266 12
1667 293 10
1869 342 9
2163 399 9
2336 442 12
2670 517 9
3057 592 29
3337 626 23
3836 726 22
4186 835 26
4791 884 28
5451 1066 40
6215 1075 39
7124 1357 43
7927 1479 47
9299 1629 46
10669 1898 59
12017 2087 92
13837 2438 63
16059 2758 64
18714 3084 77
21187 3484 114
24273 3988 104
28043 4629 145
32117 5179 130
36705 5799 158
42277 6849 199
47350 7750 217
53739 8739 231
60542 10119 299
67851 11509 333
76327 13163 384
85426 15260 444
95805 17222 469
107041 19475 528
118644 22050 642
131958 25120 721
146724 28041 794
162207 31828 893
180142 35826 1037
200346 40505 1129
221836 45454 1368
245913 50599 1481
272782 56656 1662
300997 63920 1841
332044 71239 2103
366900 78986 2285
402352 88181 2581
442963 97987 2879
483186 109459 3246
526385 120834 3524
570816 134489 3946
617129 148508 4380
663234 163699 4704
