10000000
0 0 0
0 0 0
0 0 0
0 0 0
2 0 0
0 0 0
2 0 0
7 0 0
4 0 0
5 0 0
6 0 0
7 0 0
14 1 0
7 0 0
15 0 0
11 2 0
18 1 0
21 2 0
29 1 0
32 3 0
40 6 0
46 8 0
63 11 0
85 12 0
70 12 0
94 14 0
89 11 0
129 17 0
140 15 2
182 22 0
183 23 0
237 30 2
252 40 0
328 55 1
344 53 1
387 44 2
456 81 3
532 81 2
613 85 3
628 105 1
737 122 4
823 151 4
924 145 6
1097 177 3
1194 192 5
1335 229 5
1538 260 3
1696 313 9
1880 310 11
2049 382 10
2398 435 14
2587 514 15
2961 566 19
3348 606 11
3706 732 23
4394 836 26
4752 994 28
5342 993 31
6052 1126 37
7118 1295 41
8093 1493 41
9177 1684 44
10780 1889 61
12435 2010 52
14072 2364 56
16311 2751 78
18340 2975 77
21301 3534 93
24531 4088 104
28151 4545 131
31985 5329 165
36741 5869 163
41431 6812 201
47431 7697 214
53120 8969 267
60894 10131 282
68297 11747 312
77120 13262 372
85734 15163 414
95759 16808 484
106785 19476 562
118448 22190 582
132498 25123 730
146441 28391 759
162680 32235 908
180537 36162 983
199931 40406 1147
222230 45159 1273
245952 50579 1467
271831 56794 1654
300324 63620 1879
332693 70708 2111
366776 79647 2269
404249 88625 2650
441921 98127 2838
484369 108705 3152
525655 120864 3549
568692 134034 3848
616191 148199 4318
663628 163935 4894
