10000000
0 0 0
0 0 0
0 0 0
1 0 0
1 0 0
1 0 0
0 0 0
5 0 0
4 0 0
4 0 0
11 0 0
5 0 0
7 0 0
14 1 0
16 2 0
20 3 0
22 2 0
23 3 0
32 1 0
35 2 0
41 3 0
50 2 0
58 5 0
66 4 0
76 6 0
105 9 0
103 18 0
102 23 0
140 16 1
179 25 2
209 29 1
224 42 1
255 35 1
317 39 1
378 49 0
367 55 1
445 75 2
512 82 1
608 89 4
672 111 5
736 129 7
853 132 3
934 155 5
1092 187 5
1171 240 8
1277 245 3
1477 290 9
1737 329 11
1922 358 9
2116 420 11
2294 456 9
2581 488 15
2928 556 21
3364 627 11
3884 744 20
4295 822 23
4781 896 26
5498 991 28
6258 1132 25
6911 1242 43
7996 1426 45
9224 1630 56
10596 1833 58
12065 2145 66
14010 2401 71
15968 2737 82
18529 3040 111
21236 3557 81
24626 3955 91
28133 4627 147
32189 5120 155
36566 5965 161
41677 6793 166
47482 7675 219
53629 8921 240
60156 10111 268
68421 11640 369
76160 13396 368
85554 15100 430
95491 17234 479
107125 19697 568
118984 22102 642
132184 24819 748
147070 28510 810
163098 32178 907
180761 35911 1004
199980 40290 1194
222038 45467 1350
246204 50887 1409
271800 56758 1606
300582 63504 1796
332616 70137 2041
366459 78945 2129
403023 87872 2648
442322 98073 2916
483890 108973 3177
526580 121442 3478
571191 134522 4058
616477 148515 4380
662750 163948 4836
