10000000
0 0 0
0 0 0
0 0 0
0 0 0
0 0 0
1 0 0
2 0 0
3 0 0
4 0 0
7 0 0
14 0 0
10 0 0
5 3 0
10 0 0
13 1 0
16 1 0
24 2 0
25 3 0
25 3 0
36 4 0
51 6 0
37 1 0
53 10 0
70 7 0
73 10 0
77 10 0
102 23 0
145 13 0
139 22 2
178 23 3
210 24 0
207 26 1
261 27 1
284 39 2
338 46 0
390 52 2
447 69 3
534 71 2
563 87 2
677 94 1
716 113 3
929 127 2
942 170 3
1059 174 6
1197 234 5
1308 224 7
1415 269 15
1713 331 10
1794 346 9
2081 391 15
2433 429 15
2605 518 12
2967 560 13
3305 710 14
3772 725 15
4203 790 23
4776 872 22
5467 1036 33
6073 1160 28
7088 1253 35
8142 1480 46
9170 1649 50
10765 1863 61
12138 2095 57
13862 2411 72
16171 2715 66
18641 3030 77
21041 3429 97
24524 3856 112
28070 4583 129
32057 5094 153
36849 6018 162
41678 6761 210
47248 7899 223
53846 8926 262
60309 10078 305
68036 11598 329
76439 13201 374
85405 15205 401
95586 17529 494
107063 19499 531
118353 22125 634
132151 24971 656
146249 28244 793
162781 31832 937
180648 35697 1083
200098 40369 1193
221763 45340 1304
246408 50719 1376
271961 56755 1629
300168 63397 1870
333083 70956 2061
366703 79008 2310
404050 88364 2549
441734 98350 2946
483011 108881 3322
526910 121391 3495
570442 134346 3930
616262 147742 4257
661366 163000 4724
