10000000
0 0 0
0 0 0
0 0 0
0 0 0
0 0 0
3 0 0
1 0 0
2 0 0
3 0 0
7 0 0
5 0 0
16 0 0
9 2 0
8 3 0
14 1 0
15 2 0
22 2 0
27 2 0
34 5 0
37 4 0
35 3 0
50 7 0
55 8 0
71 3 0
86 12 0
105 17 0
99 20 0
129 20 0
163 16 2
193 31 1
212 30 1
238 31 1
266 34 4
338 37 1
342 56 0
392 50 1
446 63 1
541 88 4
543 83 3
684 92 1
754 115 3
825 124 2
1000 153 3
1091 165 3
1190 192 12
1307 243 7
1430 254 14
1554 293 12
1955 328 8
2211 391 4
2366 464 21
2713 513 16
2934 557 14
3297 647 27
3637 734 24
4277 781 28
4846 869 27
5325 1002 44
6368 1180 32
7117 1293 32
8100 1468 35
9265 1659 43
10525 1852 53
12200 2144 66
13989 2410 80
15943 2706 61
18688 3043 80
21200 3454 93
24333 4019 113
28086 4552 138
32319 5218 161
36680 5744 173
41941 6814 205
47357 7839 192
54230 8907 256
60421 10214 292
68419 11646 345
76406 13102 407
85822 15078 438
95265 17174 497
106445 19424 530
118518 22186 593
131871 24913 722
146988 28056 820
162295 31984 913
181555 35794 1062
200577 40508 1141
222224 45490 1315
245937 50594 1459
272884 57233 1578
301005 63318 1903
333463 71060 2104
366263 79178 2315
403799 88419 2558
443083 97939 2876
484136 108640 3183
526530 121103 3547
570569 134025 3976
615362 148410 4284
663026 164099 4785
