10000000
0 0 0
0 0 0
0 0 0
0 0 0
2 0 0
3 0 0
2 0 0
2 0 0
3 0 0
8 0 0
8 0 0
10 0 0
14 1 0
8 1 0
15 1 0
16 0 0
29 2 0
23 1 0
35 4 0
31 2 0
39 5 0
54 6 0
55 4 0
87 14 0
74 7 0
90 13 0
105 17 0
124 8 0
153 10 1
167 22 0
232 21 1
213 31 0
297 33 5
297 41 0
343 36 3
378 46 2
433 74 1
475 69 0
589 87 5
709 108 3
741 135 3
855 134 3
960 178 6
1035 169 7
1218 219 6
1367 249 3
1451 282 7
1748 307 7
1856 321 15
2069 366 10
2254 452 14
2616 563 28
2934 572 10
3329 620 20
3649 687 23
4241 824 31
4833 863 26
5470 1010 34
6294 1126 28
7049 1300 22
8237 1466 43
9059 1616 41
10740 1874 54
12307 2100 61
14127 2305 57
16116 2684 65
18456 3056 84
21112 3590 98
24672 3957 94
28187 4670 127
32219 5257 147
36754 6032 181
42004 6886 187
47317 7821 232
53613 8980 222
60846 10133 293
68163 11559 295
76775 13259 379
86043 15019 427
95495 17359 474
106173 19629 582
118558 22163 657
132296 24915 670
146532 28219 814
162498 31906 908
180522 35818 1023
200322 40452 1156
223315 45359 1245
246423 50813 1513
272816 56401 1652
301156 63695 1770
332032 70807 2000
366684 78636 2318
402664 88295 2590
441652 98075 2800
481858 108969 3203
527472 120938 3467
570520 133955 3915
616059 147685 4384
664450 163035 4736
