10000000
0 0 0
0 0 0
0 0 0
1 0 0
0 0 0
4 0 0
2 0 0
6 0 0
6 0 0
2 0 0
6 0 0
4 0 0
8 0 0
10 3 0
16 0 0
28 1 0
19 1 0
21 4 0
24 3 0
35 3 0
45 3 0
44 6 0
52 8 0
77 4 0
93 11 0
87 8 0
98 11 0
123 16 0
146 16 1
156 25 0
211 33 0
245 43 0
267 32 0
297 46 1
349 46 1
386 61 4
452 66 1
498 75 1
595 86 4
656 106 1
759 110 2
851 121 2
918 138 4
1113 194 4
1253 200 6
1366 238 10
1452 256 8
1698 311 6
1861 343 8
2104 411 16
2377 403 10
2637 477 16
2900 581 13
3331 644 27
3761 758 16
4253 812 25
4864 905 25
5560 992 30
6140 1169 22
7084 1389 35
8109 1489 39
9247 1608 42
10554 1908 61
12305 2138 59
13975 2484 68
15748 2728 80
18283 3026 93
20987 3460 113
24366 4029 122
27974 4712 127
32261 5255 126
36728 5883 147
41606 6678 200
47299 7879 219
54034 8962 253
61009 10340 285
68423 11619 334
76452 13272 384
85398 15204 453
95552 17234 469
106578 19299 543
118759 22362 609
132082 25078 718
146690 28548 780
162567 32156 927
181300 36034 1030
200273 40511 1171
221684 45198 1320
246054 50513 1458
271717 56929 1588
300834 64031 1848
332002 70727 2063
366941 79039 2296
404244 87709 2606
441304 97895 2976
483917 108711 3031
525614 121079 3514
571005 134004 3860
617423 148262 4458
663699 163879 4706
