10000000
0 0 0
0 0 0
0 0 0
0 0 0
1 0 0
1 0 0
1 0 0
2 0 0
5 0 0
1 0 0
8 0 0
9 0 0
11 0 0
17 2 0
17 1 0
28 0 0
11 1 0
23 1 0
33 7 0
38 3 0
51 5 0
47 5 0
49 2 0
71 9 0
68 10 0
119 14 0
131 14 0
130 24 0
139 18 1
155 20 0
179 28 0
220 38 0
258 42 2
281 30 3
352 45 0
342 66 2
470 53 1
533 72 1
564 94 3
647 103 2
727 111 5
782 126 9
910 160 3
1080 180 7
1239 202 6
1323 252 7
1523 258 10
1763 318 9
1859 364 15
2095 378 10
2361 458 20
2737 504 16
3095 584 12
3353 655 18
3688 716 25
4318 826 26
4820 921 25
5442 1019 38
6231 1125 36
7007 1276 54
7907 1509 34
9156 1667 55
10516 1910 53
12265 2086 43
13955 2388 65
16045 2662 93
18520 2965 78
21346 3527 98
24436 3959 107
28095 4575 131
32232 5125 124
36677 5884 167
41659 6742 204
47433 7908 220
53591 8991 266
60400 10250 274
67943 11599 318
76413 13336 342
85665 15142 406
95437 17246 439
107320 19350 511
119204 21928 643
132297 24958 684
146809 28524 803
163686 32074 922
181299 35947 994
199701 40105 1094
221440 45519 1285
245366 51000 1440
273050 56592 1619
300295 63886 1835
332824 70862 2107
366740 78897 2332
403065 87665 2491
442681 98099 2797
483201 108952 3188
524505 120209 3373
570330 134400 3991
616221 147823 4368
661900 163404 4896
