10000000
0 0 0
0 0 0
0 0 0
1 0 0
0 0 0
5 0 0
1 0 0
2 0 0
5 0 0
2 0 0
7 0 0
12 0 0
12 2 0
12 1 0
7 1 0
10 1 0
21 1 0
27 0 0
31 3 0
35 2 0
39 2 0
45 5 0
52 8 0
70 9 0
90 9 0
74 8 0
98 18 0
106 14 0
167 17 1
152 25 5
204 25 1
243 29 0
266 35 2
289 48 0
328 48 1
373 73 1
424 60 2
516 69 3
603 106 3
688 107 3
712 95 4
851 132 1
1002 159 3
1136 182 2
1170 183 8
1356 239 6
1473 285 5
1697 328 14
1916 367 7
2116 374 8
2397 468 13
2558 553 16
3050 575 14
3386 636 18
3738 718 21
4245 822 24
4797 878 32
5327 1045 33
6127 1257 26
6997 1296 45
8016 1486 36
9413 1643 39
10601 1826 45
12086 2142 62
14031 2386 62
16056 2721 69
18439 3077 69
21067 3498 107
24402 4012 113
28010 4532 122
32294 5130 152
36581 5931 175
41691 6745 175
47693 7775 182
54009 8897 256
60329 10184 307
68194 11512 351
76644 13328 404
85371 15191 395
95870 17017 481
106546 19469 549
118477 22274 594
131772 24990 735
146636 28201 776
163094 31941 951
181561 35917 1048
200774 40518 1166
221818 45514 1304
246396 50793 1474
272431 56487 1641
301494 63191 1754
333623 71072 2109
366243 79232 2300
403465 87840 2595
441709 97704 2918
484030 108875 3236
526678 120958 3482
570435 133860 3833
617615 148503 4312
662384 163489 4705
