10000000
0 0 0
0 0 0
0 0 0
1 0 0
0 0 0
1 0 0
0 0 0
1 0 0
3 0 0
4 0 0
4 0 0
9 0 0
7 4 0
15 0 0
18 1 0
20 1 0
27 2 0
25 3 0
26 3 0
34 5 0
31 6 0
44 10 0
56 7 0
63 11 0
70 11 0
91 16 0
112 12 0
136 15 0
142 15 0
148 24 2
202 29 0
232 37 1
255 41 0
325 47 1
363 47 1
391 79 0
451 59 2
520 89 3
633 71 1
671 97 3
733 133 5
833 139 3
947 157 4
1115 185 3
1228 214 3
1394 228 6
1479 256 10
1642 336 6
1858 338 8
2098 398 10
2373 455 13
2689 533 14
3022 567 19
3259 637 29
3752 700 25
4320 852 34
4993 916 26
5253 1065 28
6189 1086 27
6996 1327 39
7925 1466 44
9239 1633 45
10594 1838 54
12212 2077 67
14036 2398 72
16087 2707 73
18431 3148 99
21244 3410 84
24325 4072 137
27914 4484 128
32249 5193 152
36695 5935 158
41644 6894 207
47710 7734 243
53582 8985 252
60653 10203 285
68311 11587 335
76543 13278 379
85655 14958 441
95446 17372 487
106478 19781 578
118361 22271 680
132045 24840 708
147130 28334 760
163134 32170 866
180533 36062 997
200446 40676 1092
221807 45559 1350
245793 50872 1498
271705 56807 1686
300719 62930 1835
333003 70898 2001
366548 78731 2306
403521 88049 2534
442051 97873 2879
483845 108770 3205
525667 120174 3506
571552 133440 3878
617764 147794 4417
663060 163302 4944
