10000000
0 0 0
0 0 0
0 0 0
0 0 0
2 0 0
0 0 0
2 0 0
2 0 0
6 0 0
6 0 0
3 0 0
7 0 0
5 2 0
11 2 0
13 2 0
22 3 0
21 4 0
24 2 0
32 2 0
34 2 0
32 6 0
42 2 0
52 11 0
68 4 0
69 7 0
83 10 0
114 7 0
132 12 0
155 17 0
159 26 1
206 27 1
244 27 1
290 37 1
302 32 1
328 43 1
407 51 1
457 81 1
555 79 0
589 86 1
665 104 1
767 124 6
824 141 1
952 140 4
1080 175 2
1201 200 4
1330 223 9
1503 264 7
1676 283 7
1929 365 12
2192 363 13
2416 414 17
2707 515 14
2969 573 14
3277 667 16
3631 714 21
4292 828 20
4801 917 27
5359 1000 20
6179 1145 25
7082 1367 38
8140 1473 41
9145 1610 48
10712 1939 56
12032 2158 60
13868 2350 75
16169 2608 77
18394 3057 89
21161 3578 81
24520 3931 115
28150 4501 131
32147 5208 157
36596 5993 158
42047 6765 195
47317 7783 212
54047 8709 264
60833 10013 326
68389 11500 340
76066 13057 384
86256 14991 398
96082 17228 446
107086 19600 582
118718 22560 601
132039 25146 728
146886 28350 821
163185 31747 902
180450 35866 994
199941 40049 1174
221388 45443 1269
245111 50615 1547
272585 57047 1702
300408 63621 1933
332379 70685 2028
365829 79148 2348
402384 88398 2535
441242 97866 2787
483577 108817 3215
526753 121147 3609
570482 134441 3917
615768 148325 4239
662902 163154 4797
