10000000
0 0 0
0 0 0
0 0 0
1 0 0
3 0 0
2 0 0
1 0 0
1 0 0
3 0 0
1 0 0
5 0 0
8 0 0
14 2 0
22 2 0
14 2 0
22 1 0
15 1 0
21 6 0
36 3 0
38 5 0
41 5 0
45 5 0
53 2 0
63 7 0
71 8 0
91 8 0
114 11 0
148 13 0
149 19 1
178 17 2
214 27 3
251 38 1
276 41 2
305 50 0
364 48 0
418 56 2
467 76 1
531 88 3
601 93 3
649 108 3
733 111 3
785 125 3
996 139 7
1049 196 11
1227 211 6
1352 241 5
1458 244 8
1675 302 7
1827 359 11
2155 405 9
2387 406 13
2684 497 22
2995 602 20
3285 648 29
3837 684 20
4352 821 24
4818 908 21
5532 1086 16
6077 1176 34
7081 1279 42
8014 1471 35
9314 1610 53
10682 1906 54
12115 2165 52
13939 2374 78
16157 2679 69
18589 3183 87
21291 3434 98
24537 3957 129
28096 4639 133
32097 5208 145
36330 5768 172
41670 6829 176
47297 7904 229
53853 9034 257
60394 10390 269
67931 11973 319
77056 13412 384
85340 14958 461
95564 17063 500
105917 19443 588
119122 22110 579
131827 25061 745
146734 28464 792
162404 32032 906
180859 36132 1003
200607 40518 1163
222383 45236 1300
245057 50887 1498
271725 56877 1607
301073 64008 1761
332826 70907 2076
367342 78862 2233
402833 87701 2543
441599 98887 2882
483151 108249 3332
525958 120471 3620
570870 133871 3881
617018 148177 4372
662499 163176 4897
