10000000
0 0 0
0 0 0
0 0 0
0 0 0
1 0 0
1 0 0
0 0 0
2 0 0
7 0 0
5 0 0
9 0 0
8 0 0
12 0 0
12 0 0
14 1 0
13 1 0
15 0 0
21 0 0
37 2 0
35 3 0
37 2 0
33 3 0
52 3 0
62 10 0
86 10 0
83 13 0
103 10 0
140 20 0
149 15 1
168 24 1
188 33 2
231 39 0
253 38 2
310 44 1
295 58 0
411 60 3
431 57 1
549 79 0
538 93 3
696 109 4
764 111 5
813 140 6
975 169 1
1046 192 3
1229 196 4
1363 223 7
1475 271 12
1640 281 9
1849 352 11
2126 392 9
2299 446 17
2688 510 16
3043 555 15
3310 625 12
3789 729 21
4282 814 31
4817 876 37
5484 998 30
5985 1179 34
7175 1253 33
8009 1470 48
9140 1625 61
10750 1939 56
12196 2062 80
13987 2404 64
16145 2770 67
18417 3131 82
21316 3546 113
24454 4127 104
28140 4399 140
32094 5193 175
36613 6049 180
41648 6830 172
47480 7789 227
53604 8792 228
60720 10124 303
68535 11722 338
76678 13222 375
85765 15072 425
95426 17328 483
106395 19575 573
119022 22358 594
132206 25208 685
146861 28136 812
162551 32112 910
180782 35980 979
200326 40459 1169
222379 45497 1324
246979 50474 1417
272395 57254 1565
301021 63929 1830
332765 70915 2045
365763 79207 2352
403620 88147 2641
443169 98774 2842
483484 109251 3139
525924 120015 3606
571814 133541 3956
617538 148556 4367
661995 162916 4821
