10000000
0 0 0
0 0 0
0 0 0
3 0 0
0 0 0
4 0 0
3 0 0
4 0 0
5 0 0
13 0 0
3 0 0
14 0 0
8 1 0
15 2 0
19 0 0
25 1 0
21 1 0
26 2 0
29 3 0
38 2 0
38 1 0
32 4 0
57 5 0
56 8 0
72 8 0
85 10 0
87 10 0
115 20 0
146 18 2
149 21 0
183 29 1
235 27 2
284 42 1
333 41 1
342 40 1
425 49 0
437 56 2
517 63 2
591 84 4
645 104 4
743 132 3
822 144 1
962 126 1
1029 173 6
1163 186 6
1348 219 3
1588 281 6
1727 306 12
1969 369 9
2158 375 10
2323 449 15
2678 513 12
2844 580 22
3311 635 22
3692 730 35
4273 843 21
4750 950 21
5464 993 34
6127 1169 30
7034 1269 40
8064 1382 39
9239 1675 56
10571 1918 61
12217 2025 61
13937 2436 65
16030 2728 71
18161 3047 98
21291 3340 112
24127 4009 115
28000 4678 144
31885 5319 159
36910 5900 147
41951 6692 200
47361 7825 214
53405 8649 208
60558 10066 319
68256 11638 337
76403 13250 349
85639 15173 409
95677 17245 533
106672 19806 572
118713 22084 643
132209 25123 688
146699 28400 770
162621 31636 883
180778 36029 1068
200222 40280 1137
221976 45431 1310
247026 50578 1453
272363 56942 1692
301730 63594 1827
332838 71087 2159
367088 78950 2332
403195 87967 2574
442928 97796 2840
483215 108857 3130
525833 120398 3554
569584 133637 3962
616773 147971 4358
663032 163709 4868
