10000000
0 0 0
0 0 0
0 0 0
2 0 0
1 0 0
1 0 0
3 0 0
2 0 0
4 0 0
8 0 0
6 0 0
4 0 0
9 0 0
14 0 0
11 1 0
16 0 0
16 2 0
27 1 0
34 2 0
35 5 0
37 6 0
41 6 0
62 9 0
61 11 0
67 10 0
73 17 0
111 18 0
125 13 0
141 21 0
151 13 1
187 23 1
190 23 1
290 36 0
258 40 1
340 49 0
379 59 0
458 77 3
554 76 4
583 86 4
661 84 1
739 123 1
836 143 4
891 146 1
1088 188 8
1178 203 12
1384 240 8
1485 266 7
1721 313 7
1883 334 14
2154 418 7
2404 451 19
2639 476 15
2909 604 24
3263 615 21
3652 721 18
4205 850 20
4895 919 24
5243 1052 39
6239 1106 33
7027 1351 41
7902 1442 43
9297 1584 42
10719 1836 57
12296 2080 52
13761 2313 67
15896 2759 83
18392 3106 98
21233 3511 100
24666 3948 118
28293 4453 138
31986 5115 161
36647 6113 162
41362 6785 203
47176 7753 236
53440 8947 253
60162 10217 258
68095 11523 353
76277 13277 371
85690 15131 404
95894 16931 496
106186 19493 540
119144 22204 614
131871 25003 732
146454 28522 828
163808 31788 877
180584 35573 1071
200042 40495 1114
221797 45334 1279
245264 51005 1465
271900 56441 1757
300595 63497 1833
331840 71039 2039
366795 79596 2325
402583 88025 2567
442995 98499 2855
483081 108725 3152
526674 121108 3456
571414 134451 3934
615712 147945 4318
662818 163965 4953
