10000000
0 0 0
0 0 0
0 0 0
1 0 0
2 0 0
4 0 0
1 0 0
5 0 0
5 0 0
2 0 0
8 0 0
10 0 0
9 3 0
8 0 0
14 1 0
17 1 0
20 3 0
28 1 0
23 1 0
42 1 0
39 2 0
45 7 0
63 6 0
60 13 0
76 7 0
104 6 0
108 18 0
138 12 0
130 12 0
205 12 0
209 28 2
232 32 0
248 46 1
293 37 2
338 48 2
368 64 2
449 54 2
505 72 2
578 94 4
689 110 4
776 112 2
829 137 2
979 166 7
1048 195 5
1252 214 5
1342 243 5
1527 240 5
1698 304 10
1915 339 3
2073 411 12
2336 447 16
2666 549 13
2974 583 18
3280 637 13
3738 788 23
4310 803 18
4772 864 26
5324 978 35
6192 1133 37
7095 1289 48
8106 1403 49
9097 1655 46
10331 1865 67
12249 2080 51
13933 2384 63
16055 2667 64
18486 3085 84
21200 3606 107
24329 4066 119
27864 4606 125
31858 5175 141
36745 5954 161
41408 6796 186
47059 7846 210
53559 8984 250
60371 10414 301
68374 11658 319
76263 13379 363
86033 14899 439
95012 17263 516
106931 19268 558
118627 22059 626
132585 24896 706
146765 28601 773
162598 31807 913
180944 35961 1058
200518 40551 1105
221609 45463 1313
246496 50791 1478
272158 57209 1637
301060 63184 1846
332600 70802 2027
367684 79092 2215
402514 87934 2467
442493 97924 2823
484148 108571 3200
526927 120159 3433
570710 133917 3759
615083 148660 4271
661832 163806 4706
