10000000
0 0 0
0 0 0
0 0 0
1 0 0
2 0 0
1 0 0
3 0 0
0 0 0
4 0 0
5 0 0
8 0 0
14 0 0
10 1 0
13 2 0
14 0 0
18 2 0
15 2 0
17 1 0
37 2 0
35 3 0
49 7 0
45 7 0
56 4 0
57 12 0
66 4 0
107 18 0
97 19 0
116 12 0
127 8 1
160 18 1
177 29 0
234 32 2
282 36 0
301 43 1
362 51 1
361 55 3
465 73 4
516 84 0
616 95 3
668 81 2
758 130 1
879 121 4
1023 172 3
1078 165 5
1204 183 5
1324 241 7
1551 275 13
1607 289 15
1826 353 9
2110 390 8
2338 437 14
2708 488 16
2967 579 8
3307 647 18
3768 687 16
4160 869 29
4793 914 25
5501 1027 30
6153 1175 26
7129 1261 39
8156 1440 41
9357 1605 51
10590 1889 49
11995 2091 68
14017 2365 72
16103 2781 73
18397 3059 89
21424 3518 98
24382 4007 114
28081 4523 127
31808 5246 138
36575 6042 182
41846 6797 203
47663 7757 231
54372 9023 260
60732 10276 304
67550 11664 356
76607 13281 431
85896 15265 410
95247 17037 507
106131 19531 526
119149 21943 590
131990 25422 758
146967 28404 868
162432 31796 876
180519 35985 982
200603 40500 1145
222150 45193 1350
244504 50715 1488
272770 56637 1614
301428 63511 1786
331607 70965 2023
365636 79199 2372
401699 88319 2587
442393 98500 2805
482966 109273 3081
525928 120892 3586
569871 134118 3985
617760 147811 4431
662560 163631 4773
