10000000
0 0 0
0 0 0
0 0 0
0 0 0
1 0 0
1 0 0
4 0 0
3 0 0
3 0 0
3 0 0
7 0 0
9 0 0
9 2 0
10 0 0
20 2 0
15 2 0
20 1 0
22 4 0
40 2 0
35 0 0
37 3 0
59 8 0
40 3 0
65 5 0
69 7 0
98 9 0
103 14 0
119 24 0
125 16 0
155 37 0
203 31 1
206 31 3
279 38 1
309 34 0
320 51 1
384 59 2
438 68 4
513 81 3
560 85 3
629 109 4
687 124 3
829 133 8
910 181 4
1075 206 3
1211 208 7
1319 256 3
1491 269 6
1682 323 8
1913 334 12
2111 386 10
2339 448 10
2507 466 15
3094 555 15
3389 605 15
3821 691 24
4268 837 18
4707 840 33
5363 1029 31
6236 1113 31
7131 1283 44
8038 1449 43
9255 1652 46
10480 1870 46
12175 2214 62
14181 2358 80
16239 2804 76
18411 3180 70
21276 3593 103
24478 3884 106
28122 4518 119
32063 5147 155
36646 5946 177
41714 6827 197
47555 8000 217
53471 8982 229
60449 10000 325
68451 11646 317
76581 13190 353
85256 15102 454
95539 17270 478
107541 19594 587
119608 22383 635
132393 25329 690
146364 28104 808
162750 32227 898
180920 36031 1038
200379 40555 1209
221708 45474 1250
245846 51222 1455
272161 57115 1644
301008 64007 1804
332657 71179 2096
367099 79384 2288
403269 88247 2695
442003 97634 2999
483700 109421 3137
526842 120766 3595
569946 134165 3845
615058 148773 4471
663901 163687 4891
