10000000
0 0 0
0 0 0
0 0 0
0 0 0
1 0 0
1 0 0
1 0 0
2 0 0
4 0 0
4 0 0
4 0 0
9 0 0
11 2 0
8 1 0
13 2 0
14 2 0
16 1 0
32 2 0
31 2 0
36 1 0
36 1 0
50 5 0
56 5 0
55 11 0
77 14 0
96 12 0
103 8 0
125 25 0
161 23 2
170 30 1
187 25 1
225 32 1
270 31 1
273 39 1
350 62 0
404 50 0
456 61 1
497 97 3
568 89 6
680 84 1
696 113 3
866 139 3
997 150 7
1066 178 3
1143 226 10
1294 206 8
1493 254 8
1678 322 6
1898 345 9
2096 427 13
2383 434 17
2646 502 16
2921 515 17
3330 611 13
3805 739 22
4226 809 24
4789 949 37
5434 995 30
6226 1157 40
7125 1314 45
7945 1538 48
9463 1628 47
10481 1876 56
12270 2137 56
13815 2387 97
16155 2730 78
18527 3037 84
21255 3438 109
24440 3919 111
27829 4525 122
32345 5127 136
36321 5959 169
41873 6692 191
47616 7939 215
53909 8929 232
60287 10305 288
68239 11681 351
76808 13270 375
85506 15255 458
95357 17397 477
106455 19553 569
119233 22356 570
131908 24952 740
146993 28383 766
163278 32164 916
181218 36027 1047
200152 40648 1196
222075 45476 1305
246213 50820 1438
272273 56694 1696
301109 63301 1869
333518 71059 2098
365910 79127 2240
402198 88401 2502
443076 98025 2973
483612 108803 3228
526411 120630 3521
570863 134314 3864
616124 148168 4378
662995 163173 4832
