10000000
0 0 0
0 0 0
0 0 0
1 0 0
0 0 0
0 0 0
1 0 0
4 0 0
7 0 0
11 0 0
12 0 0
5 0 0
7 1 0
11 0 0
15 1 0
17 1 0
18 1 0
26 2 0
26 3 0
27 5 0
40 4 0
48 6 0
55 7 0
68 6 0
66 10 0
75 9 0
113 18 0
129 16 0
137 16 2
192 23 1
194 26 1
227 24 0
262 45 2
321 25 1
330 40 1
402 55 1
454 66 4
553 77 1
632 103 6
655 106 1
798 122 1
858 129 1
947 149 3
1119 175 6
1197 200 7
1401 203 7
1520 271 8
1718 295 11
1902 365 9
2066 336 7
2406 456 13
2655 497 7
2950 595 22
3398 610 21
3681 751 10
4260 862 27
4791 915 21
5451 1049 17
6128 1139 42
7150 1311 41
8010 1432 41
9261 1693 50
10533 1879 44
12235 2084 58
14028 2353 61
16157 2800 72
18825 3106 95
21413 3583 94
24770 3984 131
28200 4557 111
31964 5215 145
36788 6065 156
41662 6989 199
47239 7989 237
53490 9016 239
60704 10092 303
68237 11697 330
76852 13236 361
85972 15107 416
95937 17434 488
106890 19794 559
119117 22239 610
132542 25352 715
146064 28324 834
162845 31761 861
181700 36319 1033
200364 40362 1097
222263 45319 1269
246431 50364 1452
271965 56630 1589
301839 63483 1885
331434 71125 1989
366972 78846 2340
402978 88176 2496
442354 97725 2869
483312 108926 3207
527045 120700 3528
569697 133936 4022
616541 148364 4333
662104 163038 4832
