10000000
0 0 0
0 0 0
0 0 0
0 0 0
1 0 0
1 0 0
2 0 0
3 0 0
3 0 0
5 0 0
16 0 0
5 0 0
4 1 0
12 1 0
13 0 0
20 2 0
15 3 0
22 1 0
30 3 0
39 2 0
37 2 0
47 2 0
59 4 0
73 12 0
65 6 0
98 14 0
113 9 0
130 16 0
157 18 2
185 24 2
211 24 1
241 24 1
266 36 1
310 42 1
359 61 0
376 55 4
465 90 3
516 91 1
521 86 1
679 125 2
732 108 1
878 149 7
894 172 2
1112 184 3
1210 196 4
1350 235 9
1540 268 6
1686 330 9
1913 349 15
2155 351 9
2436 448 13
2700 518 13
3015 583 16
3300 633 26
3692 724 16
4254 786 30
4771 894 24
5612 1060 28
6210 1162 33
7172 1292 40
8166 1386 44
9295 1623 32
10542 1807 52
12214 2115 62
13899 2433 72
16108 2720 85
18598 3075 102
21330 3417 96
24186 4016 118
28106 4540 132
31898 5264 134
36320 5927 162
41748 6855 187
47136 7803 214
53987 8843 250
60634 10185 269
68281 11774 380
76453 13407 388
85516 15282 427
95279 17273 524
106652 19771 540
119255 21726 599
132062 25034 751
146271 28319 863
163049 31553 955
180388 36155 1050
200330 40542 1136
221590 45107 1295
246892 50811 1454
272636 57058 1654
299682 63202 1882
332871 71001 2067
367513 78977 2300
402979 88419 2586
443106 97998 2907
482921 108927 3143
526461 120322 3521
571766 133456 3967
615497 148577 4363
661847 164746 4783
