10000000
0 0 0
0 0 0
0 0 0
3 0 0
1 0 0
2 0 0
0 0 0
1 0 0
4 0 0
6 0 0
9 0 0
11 0 0
14 0 0
21 2 0
17 0 0
16 2 0
14 2 0
30 3 0
29 5 0
30 4 0
44 5 0
38 12 0
53 7 0
63 8 0
75 9 0
98 8 0
98 7 0
118 18 0
172 18 2
175 15 1
209 24 0
245 34 0
247 56 0
326 52 0
339 51 3
449 59 1
440 64 0
501 81 2
565 99 2
651 101 4
777 119 1
816 141 2
951 157 4
1130 179 7
1218 214 10
1355 219 7
1557 244 5
1648 323 5
1918 346 9
2071 384 11
2361 482 7
2629 495 13
2995 572 15
3341 637 21
3779 743 29
4255 769 16
4867 999 22
5339 1045 37
6246 1125 29
6958 1343 37
8054 1437 40
9103 1589 59
10390 1785 51
12078 2182 65
13922 2461 78
15872 2719 77
18275 3093 90
21523 3446 107
24459 3968 106
28050 4590 125
32047 5132 171
36666 5966 169
41667 6984 203
47288 7884 218
53640 8674 261
60495 10114 283
68413 11388 339
76071 13305 370
85746 15146 411
96104 17409 455
106773 19481 553
118780 22143 605
132212 25155 672
146837 28201 803
162910 31989 918
180485 35814 994
200215 40412 1139
222250 45513 1311
246341 50552 1453
271914 57152 1512
301067 63493 1838
333187 70926 2099
367200 79060 2353
404252 88210 2645
441090 97914 2880
483550 108706 3246
526228 121736 3337
571352 133834 3922
616396 148188 4249
662294 163587 4852
