10000000
0 0 0
0 0 0
0 0 0
0 0 0
0 0 0
2 0 0
0 0 0
2 0 0
3 0 0
2 0 0
10 0 0
8 0 0
7 2 0
7 2 0
18 0 0
19 2 0
21 2 0
25 4 0
26 1 0
29 4 0
55 2 0
49 3 0
51 3 0
57 12 0
69 7 0
88 9 0
91 9 0
131 12 0
149 17 1
159 20 0
207 25 2
233 15 0
274 36 3
303 37 0
359 53 0
407 71 4
433 59 2
500 82 4
586 88 4
672 97 1
718 106 3
810 136 3
955 146 11
1090 178 3
1203 203 5
1404 244 9
1604 248 9
1662 305 7
1901 322 10
2069 414 11
2388 437 11
2631 521 13
2928 561 17
3315 592 18
3767 722 23
4278 803 32
4830 930 24
5570 1003 29
6075 1236 36
7058 1309 38
8010 1511 31
9260 1730 44
10660 1865 53
12144 2081 57
13884 2403 63
15925 2692 91
18661 3059 94
21381 3508 88
24674 4094 118
27855 4561 109
32044 5236 167
36567 5948 169
42021 6844 186
47477 7820 198
53906 8906 249
60205 10291 290
68444 11743 330
76316 13189 386
85734 15164 440
95367 17397 441
106329 19717 559
119616 22059 631
131356 25038 720
147348 28427 778
162570 31650 885
180774 36183 1028
200243 40476 1187
221086 45429 1315
245108 50950 1423
272182 56761 1717
300862 63283 1825
333220 70999 2058
365835 79754 2367
403266 88182 2587
441151 98048 2875
483616 108316 3213
525722 120436 3513
571253 133700 3975
617464 147800 4322
663276 163335 4726
