10000000
0 0 0
0 0 0
0 0 0
1 0 0
1 0 0
3 0 0
2 0 0
3 0 0
3 0 0
5 0 0
5 0 0
8 0 0
9 1 0
8 0 0
19 1 0
12 1 0
20 2 0
24 2 0
24 2 0
30 0 0
49 2 0
56 6 0
58 5 0
59 8 0
82 8 0
98 13 0
102 13 0
112 14 0
144 12 0
165 23 0
176 28 2
226 31 2
266 37 1
291 37 1
329 43 2
421 69 1
503 59 2
497 91 2
591 90 5
632 100 2
751 106 2
841 136 3
890 170 3
1091 185 1
1230 208 12
1352 216 5
1492 263 7
1722 331 10
1944 345 10
2138 369 16
2311 441 20
2680 483 13
3091 550 17
3298 627 14
3721 743 13
4231 854 21
4697 901 17
5424 1016 23
6250 1114 27
7046 1337 36
8078 1487 38
9293 1721 33
10493 1874 59
12169 2090 54
14161 2355 61
16294 2702 71
18448 3148 85
21216 3604 85
24304 3903 109
27722 4593 146
31977 5191 128
36467 6047 181
42040 6669 215
47060 7841 226
54211 8890 273
59995 10094 294
67860 11618 319
76507 13286 361
85578 15076 427
95738 17529 445
106940 19456 535
119217 22082 602
132006 25104 721
146484 28397 799
162887 31745 933
180899 35957 1086
200295 40596 1168
222500 45219 1248
245464 50950 1416
272188 56991 1752
302230 63992 1826
332768 71358 2085
366768 79444 2332
402452 88587 2495
442329 98291 2925
483834 109273 3090
524959 121258 3673
570408 133768 3893
615986 148681 4437
662082 163358 4835
