10000000
0 0 0
0 0 0
0 0 0
2 0 0
1 0 0
1 0 0
5 0 0
0 0 0
2 0 0
6 0 0
12 0 0
10 0 0
10 3 0
9 1 0
11 0 0
17 2 0
18 1 0
16 1 0
37 8 0
43 4 0
42 3 0
39 4 0
48 4 0
65 9 0
69 6 0
90 6 0
106 15 0
122 19 0
144 11 2
177 22 1
202 25 4
244 25 2
301 46 1
314 41 1
351 48 1
380 56 1
445 73 2
521 75 4
592 92 2
682 123 4
769 128 1
820 137 4
966 171 5
1056 193 6
1171 205 4
1315 234 8
1457 289 9
1747 313 10
1918 364 8
2167 371 14
2388 436 8
2680 520 17
3062 607 16
3242 594 16
3799 745 24
4341 824 17
4778 918 30
5514 1023 29
6028 1176 35
7104 1318 47
8175 1483 41
9190 1629 34
10685 1807 56
12143 2123 55
14187 2398 74
16102 2738 81
18595 3021 99
21331 3407 106
24519 3915 123
28085 4456 145
32314 5269 138
36760 6063 170
42104 6794 206
47275 7795 206
53483 9004 263
60734 10221 311
68141 11712 323
76613 13197 384
85512 15117 436
95580 17135 472
106978 19312 558
118617 22179 562
132528 25347 699
146252 28507 766
162970 31495 924
180863 35758 1041
200192 40408 1127
221634 45374 1241
245638 50581 1423
272086 56849 1599
300901 63504 1885
333124 70786 2091
366398 79263 2330
402842 87811 2610
442069 97478 2848
483223 109029 3170
525940 120789 3568
569903 133285 3902
617329 148045 4231
662980 164276 4838
