10000000
0 0 0
0 0 0
0 0 0
1 0 0
0 0 0
5 0 0
0 0 0
1 0 0
5 0 0
7 0 0
11 0 0
9 0 0
12 0 0
8 2 0
13 0 0
19 0 0
28 2 0
33 4 0
22 4 0
31 5 0
44 3 0
45 7 0
53 8 0
78 10 0
77 13 0
93 7 0
106 13 0
135 19 0
176 22 1
169 24 2
202 26 1
226 29 1
252 41 4
296 43 5
331 50 0
372 53 3
440 68 4
537 71 5
583 81 6
601 95 4
715 130 3
830 118 7
996 146 1
1083 177 6
1200 189 6
1362 249 9
1445 225 10
1733 275 10
1837 364 9
2099 417 8
2332 440 12
2636 493 16
2971 560 20
3377 637 10
3748 724 23
4333 770 23
4654 918 21
5416 1061 34
6196 1205 38
7040 1359 34
8071 1406 47
9315 1655 42
10650 1865 52
12072 2031 54
14141 2419 66
16080 2691 69
18666 3065 84
21369 3508 105
24470 3980 121
28176 4635 145
31928 5335 137
36842 5953 153
41848 6813 184
47367 7697 230
53776 8810 256
60729 10288 292
68097 11689 324
76547 13122 391
85706 15008 454
95795 17123 485
106603 19453 541
119061 22187 629
132201 25132 678
146338 28346 786
162936 31605 964
180405 35760 1033
200158 40123 1137
223066 45331 1275
245898 50911 1482
272050 57083 1583
300738 63763 1858
332243 70920 2111
366305 78927 2315
401730 88156 2561
441509 97534 2833
482276 108361 3129
526507 120489 3610
570826 134186 4001
618963 148175 4227
662913 163350 4855
