10000000
0 0 0
0 0 0
0 0 0
1 0 0
0 0 0
4 0 0
3 0 0
5 0 0
3 0 0
2 0 0
6 0 0
3 0 0
5 0 0
12 2 0
15 1 0
15 0 0
17 1 0
20 1 0
29 4 0
27 8 0
44 3 0
44 4 0
43 8 0
64 10 0
74 9 0
92 6 0
88 13 0
121 13 0
157 17 1
174 24 1
175 14 0
208 20 0
261 28 4
298 34 1
383 46 0
424 51 7
443 71 2
541 81 1
591 99 2
672 99 5
748 125 5
837 154 10
942 158 1
1001 184 3
1172 230 8
1340 234 5
1556 267 5
1633 327 8
1871 370 6
2113 400 11
2327 449 13
2636 502 12
3023 538 13
3276 673 15
3776 692 18
4231 803 19
4724 847 29
5465 998 27
6112 1103 31
6881 1262 40
8051 1431 50
9157 1690 34
10803 1880 61
12101 2104 70
13954 2351 70
16130 2711 71
18583 3084 90
21080 3472 91
24519 4075 118
28093 4588 121
32017 5167 158
36404 6047 175
41940 6908 183
47363 7931 238
53263 8887 255
61144 10197 292
68326 11738 315
76594 13169 356
85873 14875 445
95784 17323 528
107334 19592 513
118676 22026 690
132946 24861 739
146760 28134 798
162601 31730 919
180175 35852 1064
199840 40268 1146
221457 45608 1299
245267 50923 1480
272210 56623 1645
301334 63403 1820
333001 70479 2067
367134 79437 2278
403375 88637 2624
441249 98156 2825
483781 109111 3247
526151 121017 3510
570313 133621 4023
617483 148044 4326
662066 163838 4871
