10000000
0 0 0
0 0 0
0 0 0
2 0 0
1 0 0
2 0 0
1 0 0
1 0 0
8 0 0
2 0 0
10 0 0
8 0 0
9 2 0
14 0 0
13 3 0
22 1 0
13 2 0
28 0 0
32 0 0
21 3 0
29 5 0
56 3 0
44 3 0
64 4 0
61 8 0
105 14 0
127 11 0
112 17 0
132 22 2
167 15 3
192 24 2
245 37 1
245 36 1
312 54 4
338 51 2
391 60 2
472 68 3
548 75 2
527 92 4
649 126 3
753 120 8
845 154 6
961 179 3
1078 200 3
1234 213 8
1379 217 7
1481 253 5
1610 321 12
1946 331 14
2105 391 8
2346 491 8
2643 502 11
3062 575 11
3324 633 13
3758 719 19
4169 817 18
4731 935 29
5514 1026 29
6237 1083 47
7166 1391 42
7980 1478 48
9297 1667 50
10638 1905 59
12146 2117 65
13810 2359 74
16246 2791 75
18626 3032 87
21038 3580 99
24647 4014 108
28238 4630 131
32275 5102 141
36765 5963 163
40999 6945 190
47484 7782 215
53793 8762 245
60269 10137 268
67814 11646 325
76795 13113 408
85858 15155 403
95898 17157 502
105998 19612 586
119365 22171 624
132524 24837 738
146716 28410 805
163297 32149 945
180689 35827 1029
200401 40292 1200
222273 45250 1287
245830 51123 1440
272454 56817 1732
302289 63926 1915
331575 71443 2106
366228 79225 2255
402360 88097 2504
442466 98061 2842
482679 108982 3258
526322 120565 3670
571229 133951 3930
616144 148500 4236
663160 162973 4850
