10000000
0 0 0
0 0 0
0 0 0
1 0 0
1 0 0
3 0 0
7 0 0
2 0 0
3 0 0
3 0 0
9 0 0
9 0 0
12 3 0
12 0 0
9 1 0
17 1 0
28 2 0
24 6 0
34 6 0
25 4 0
44 2 0
43 10 0
55 3 0
64 7 0
67 4 0
86 12 0
115 5 0
113 16 0
153 21 1
183 23 2
208 29 2
223 35 2
261 36 1
293 46 1
370 55 3
421 49 0
455 73 4
504 69 1
637 102 6
640 106 2
748 134 2
852 130 0
1025 170 1
1056 175 4
1214 220 7
1419 216 10
1554 295 4
1715 326 6
1902 342 14
2144 426 16
2368 498 15
2768 510 15
3011 563 17
3325 651 24
3893 723 19
4327 850 25
4730 904 28
5420 1018 12
6283 1157 27
7006 1291 48
8186 1459 46
9476 1717 47
10502 1798 58
12181 2135 63
14073 2371 70
16296 2739 85
18542 3214 86
21258 3556 105
24345 3967 106
28021 4597 133
32121 5228 143
36930 5899 180
41713 6767 179
47505 7926 230
53524 9069 243
60699 10279 286
68197 11564 303
76182 13304 376
85432 15266 425
95430 17205 478
107371 19546 547
119035 22124 611
132355 24876 742
146543 28333 824
162631 32041 887
180887 36030 1009
200024 40441 1161
221292 45529 1274
245713 50667 1484
271386 56827 1693
300514 63538 1789
333466 70878 2085
366611 79081 2283
404078 87930 2573
442647 98474 2901
484507 108779 3330
525954 120898 3565
570419 133838 3950
616333 147763 4437
662801 162897 4865
