10000000
0 0 0
0 0 0
0 0 0
0 0 0
0 0 0
4 0 0
0 0 0
3 0 0
4 0 0
1 0 0
11 0 0
11 0 0
5 3 0
12 2 0
13 0 0
26 1 0
24 1 0
17 1 0
30 0 0
40 3 0
30 2 0
44 6 0
71 10 0
55 4 0
76 7 0
83 11 0
103 12 0
144 22 0
146 17 0
149 19 0
212 26 1
234 30 0
273 39 4
301 37 1
329 42 0
364 60 1
449 59 0
488 75 0
543 82 7
665 95 5
781 132 8
777 137 3
929 161 9
1030 184 10
1255 216 6
1343 255 4
1499 248 10
1654 302 7
1871 348 6
2077 423 7
2364 444 4
2587 535 10
2931 529 11
3367 640 13
3835 777 28
4224 805 24
4840 910 27
5378 996 35
6175 1176 15
7251 1320 44
8118 1501 54
9243 1623 45
10505 1874 48
12179 2049 65
13873 2309 65
16029 2738 81
18732 3014 80
21254 3528 107
24222 4014 107
27920 4635 136
32052 5270 143
36663 5948 159
41674 6826 204
47482 7797 234
53605 8918 223
60668 10084 283
67868 11757 341
76735 13320 339
85889 15105 384
95953 16996 492
106517 19493 535
118248 22086 635
132151 24939 720
146966 28398 830
162406 32133 901
180584 35767 1019
200677 40635 1169
222641 45436 1372
245665 50894 1443
271911 56754 1691
301090 63098 1816
332557 70657 2099
366969 79101 2221
403351 88464 2587
442586 98175 2841
483858 108623 3260
526488 121065 3511
570604 134125 3912
615517 148342 4474
662411 163749 4962
