10000000
0 0 0
0 0 0
0 0 0
2 0 0
0 0 0
0 0 0
4 0 0
6 0 0
2 0 0
3 0 0
10 0 0
12 0 0
7 0 0
8 0 0
15 0 0
12 3 0
20 2 0
30 2 0
33 2 0
39 2 0
36 3 0
46 7 0
61 9 0
69 8 0
78 13 0
83 9 0
112 12 0
144 20 0
128 15 1
146 31 0
214 21 1
235 24 0
284 32 1
313 41 2
380 39 1
405 63 3
465 67 1
487 56 0
587 102 1
693 111 2
783 128 1
863 123 4
978 166 3
1067 198 7
1227 228 12
1314 224 4
1478 274 9
1783 292 10
1903 346 6
2168 344 9
2412 439 9
2602 476 13
2929 556 20
3423 662 16
3815 719 20
4212 812 18
4754 915 20
5419 1023 32
6333 1115 22
6977 1306 49
8057 1452 39
9177 1704 54
10794 1902 67
12235 2161 57
14079 2399 68
15847 2769 82
18612 3011 91
21349 3576 106
24430 3966 113
27922 4556 142
31776 5299 155
36358 6064 168
41968 6841 201
47684 7914 240
53652 8729 244
60619 10109 308
68060 11884 321
76070 13332 352
85882 15005 440
95780 17272 509
106687 19680 544
118582 22245 621
131329 25152 678
146754 28367 793
163509 31881 931
180539 35826 997
200679 40438 1153
221621 45110 1318
246066 50613 1446
272213 56604 1702
300954 63654 1830
333303 71155 2053
366854 78876 2302
403226 88548 2630
441765 98641 2914
483239 109445 3272
526037 120659 3512
571255 134001 3921
617781 148041 4384
661626 164235 4761
