10000000
0 0 0
0 0 0
0 0 0
0 0 0
1 0 0
0 0 0
0 0 0
3 0 0
5 0 0
3 0 0
10 0 0
7 0 0
10 1 0
10 1 0
19 1 0
18 2 0
14 0 0
26 0 0
35 4 0
39 3 0
28 0 0
41 9 0
58 2 0
69 10 0
80 9 0
89 9 0
107 12 0
132 16 0
138 18 2
178 14 1
201 25 0
245 29 0
252 39 2
310 38 2
344 53 0
439 54 2
463 65 1
535 71 0
586 94 2
694 98 3
799 111 5
809 140 0
964 158 2
1067 192 5
1190 217 3
1328 245 10
1503 288 10
1633 317 7
1917 341 8
2106 442 18
2314 490 15
2723 511 11
3133 586 20
3405 602 21
3674 688 29
4320 789 25
4763 940 26
5559 1033 23
6164 1167 41
7147 1292 45
8062 1491 33
9032 1662 53
10403 1859 54
12153 1977 64
13924 2339 75
15978 2717 74
18744 3066 85
21347 3488 95
24463 4035 129
28262 4523 113
32071 5295 136
36930 6058 199
42174 6795 214
47573 7921 195
53588 8844 266
60563 10053 287
67686 11555 298
76211 13470 369
85657 15112 385
95814 16969 498
106539 19353 552
118741 22170 616
132137 24930 708
147050 28337 844
162625 31873 932
180457 35721 1054
200080 40796 1208
222475 45515 1326
246000 51093 1445
272738 56690 1624
300505 63699 1837
331956 70905 2093
367221 78887 2337
402957 88183 2519
442465 98135 2825
483031 108427 3218
525980 121103 3538
570817 133976 3924
618204 148905 4383
663487 163932 4770
