10000000
0 0 0
0 0 0
0 0 0
0 0 0
2 0 0
2 0 0
2 0 0
2 0 0
5 0 0
3 0 0
5 0 0
5 0 0
9 1 0
14 1 0
15 1 0
13 1 0
19 3 0
27 1 0
36 2 0
28 6 0
39 3 0
61 3 0
58 8 0
63 10 0
100 8 0
110 13 0
109 21 0
114 16 0
146 21 1
164 22 1
187 18 0
212 36 2
247 35 0
338 36 1
349 54 1
389 73 0
440 62 5
503 67 2
591 101 1
641 106 5
787 140 2
823 138 3
1003 177 2
1043 194 7
1180 196 11
1367 246 8
1520 254 5
1693 307 6
1879 334 6
2049 386 11
2438 468 8
2584 458 20
2904 552 19
3360 614 17
3749 729 23
4213 783 19
4871 912 31
5558 1029 25
6206 1146 35
7000 1331 35
8074 1432 39
9338 1700 47
10548 1892 54
11999 2120 58
13927 2410 56
16355 2700 65
18497 3060 79
21391 3651 90
24584 3958 114
27978 4660 133
32231 5258 144
36194 5897 166
41293 6880 200
47713 7797 218
53640 8896 237
61011 10219 280
67833 11614 307
76190 13245 353
85709 15077 436
95999 17153 493
107494 19374 622
118891 22162 644
132016 25037 710
146378 28170 781
162671 31839 903
181144 36116 1089
200747 40439 1198
221200 45122 1388
245163 50676 1458
270897 56909 1641
300174 63777 1814
332005 70988 2079
366830 79183 2291
403083 88011 2558
442053 97564 2927
483881 108711 3181
526669 121106 3505
570187 133195 3938
617519 148165 4316
661691 163381 4783
