10000000
0 0 0
0 0 0
0 0 0
2 0 0
1 0 0
3 0 0
2 0 0
2 0 0
5 0 0
5 0 0
7 0 0
7 0 0
13 1 0
17 1 0
14 0 0
20 0 0
17 2 0
18 2 0
29 0 0
30 2 0
42 3 0
55 4 0
57 5 0
69 9 0
83 12 0
100 8 0
98 14 0
118 17 0
161 20 2
181 21 1
198 37 0
235 38 0
297 41 0
313 38 0
344 50 0
434 52 2
498 64 3
513 83 1
576 82 1
629 111 3
798 110 1
882 145 4
979 165 6
1046 185 3
1173 190 5
1315 252 5
1440 256 12
1649 317 8
1901 365 8
2060 377 17
2413 468 14
2553 532 9
2896 583 19
3355 629 18
3702 689 22
4246 846 19
4834 933 37
5439 987 24
6208 1082 31
7094 1316 35
7904 1441 39
9253 1677 46
10539 1801 69
12118 2059 73
14046 2365 63
16178 2681 80
18736 3032 95
21359 3499 95
24461 3831 129
28452 4468 132
32061 5129 134
36611 6000 151
41794 6824 191
47471 7837 233
53657 8773 227
60594 9995 269
68030 11590 321
76029 13129 378
85269 15142 413
95501 17054 513
106775 19331 564
118687 22053 616
132706 24970 711
146827 28214 835
162497 31634 900
180458 35877 1015
200551 40373 1159
221237 45587 1321
246196 51007 1465
272268 56695 1682
301244 63397 1863
332020 70792 2085
365872 78934 2325
404011 87811 2645
442498 97686 2877
483488 109135 3159
525986 120869 3506
570683 133814 3936
615765 148623 4414
663225 164615 4864
