10000000
0 0 0
0 0 0
0 0 0
0 0 0
0 0 0
1 0 0
5 0 0
2 0 0
6 0 0
7 0 0
9 0 0
5 0 0
9 0 0
11 1 0
23 0 0
12 0 0
14 4 0
27 2 0
25 2 0
28 3 0
35 6 0
48 3 0
55 12 0
70 6 0
87 12 0
77 12 0
109 13 0
131 12 0
138 13 3
178 31 0
209 20 1
230 27 1
251 36 1
322 52 1
322 56 0
391 50 2
447 49 3
513 78 1
576 96 3
663 101 3
736 121 3
818 117 2
961 154 10
1064 199 7
1208 199 6
1327 250 5
1529 271 4
1668 303 3
1874 323 13
2078 411 13
2389 431 18
2630 510 14
2931 567 17
3303 638 10
3725 760 14
4234 825 21
4758 943 23
5367 1013 23
6179 1169 30
7066 1359 44
8059 1515 43
9308 1677 59
10475 1874 58
12060 2062 55
14038 2406 67
16230 2768 71
18311 3147 87
21326 3409 92
24488 3878 90
27946 4544 131
31893 5159 138
36699 5939 170
41494 6818 195
47395 7805 223
53741 8999 271
60374 10139 278
68128 11683 310
76473 13250 383
85825 15121 460
95981 17307 478
106626 19645 512
119742 22171 631
131736 25102 675
146508 28170 799
163117 32108 920
180997 35850 1003
201039 40625 1174
221709 45517 1285
245854 50711 1399
272309 56999 1692
300948 63748 1866
330639 71161 1993
367030 78710 2302
402492 87578 2657
441380 97856 2859
483537 109364 3181
525863 120934 3542
570318 134079 3872
616186 148333 4505
662489 163672 4844
