10000000
0 0 0
0 0 0
0 0 0
1 0 0
0 0 0
1 0 0
3 0 0
2 0 0
5 0 0
10 0 0
7 0 0
9 0 0
8 0 0
9 0 0
17 1 0
17 2 0
9 5 0
27 1 0
23 1 0
29 1 0
48 2 0
40 6 0
53 6 0
57 8 0
68 10 0
90 5 0
113 7 0
117 14 0
138 21 4
173 16 2
210 19 0
206 26 1
266 27 2
305 43 1
359 53 3
402 48 2
433 77 2
512 62 1
624 82 1
677 110 2
756 141 1
857 160 4
934 140 2
1032 201 7
1213 227 5
1333 221 5
1531 285 8
1720 316 12
1855 346 7
2088 383 9
2324 458 10
2599 507 16
2919 555 16
3375 599 24
3838 673 22
4192 824 22
4820 905 27
5447 1004 33
6218 1193 43
7000 1325 36
8001 1409 39
9112 1605 60
10701 1900 53
12348 2098 68
13983 2348 74
16186 2744 80
18394 3017 80
21418 3518 107
24450 4005 114
27829 4531 144
32181 5203 141
36671 5955 167
41795 6745 203
47517 7944 214
53322 8831 241
60471 10209 295
67928 11526 359
76720 13178 343
85749 14902 393
95389 16897 491
106392 19406 533
118609 22139 667
132797 25136 717
146528 28103 764
162731 31714 888
180163 36103 999
200609 40451 1118
222646 45340 1263
246306 51051 1470
272584 56784 1680
301367 63543 1728
332407 71640 2024
366444 79444 2345
403657 88042 2653
442341 97608 2844
483425 109044 3099
526971 121399 3487
571071 133320 3994
616961 148224 4421
662447 162951 4783
