10000000
0 0 0
0 0 0
0 0 0
2 0 0
1 0 0
4 0 0
2 0 0
5 0 0
3 0 0
4 0 0
6 0 0
9 0 0
9 0 0
7 0 0
8 0 0
14 1 0
22 0 0
26 2 0
29 0 0
35 5 0
43 3 0
38 4 0
68 7 0
80 8 0
77 12 0
103 11 0
109 12 0
122 15 0
157 21 1
162 16 0
192 26 1
226 29 1
264 44 1
288 46 2
307 51 2
448 57 4
442 68 1
521 66 3
572 102 3
660 87 2
750 125 7
840 152 7
958 168 4
1050 181 5
1184 200 9
1385 247 8
1413 286 6
1674 308 8
1879 336 9
2188 383 18
2466 455 14
2725 523 12
2949 589 21
3316 600 19
3765 683 18
4160 795 22
4818 923 32
5434 1075 23
5995 1166 38
7226 1325 38
7995 1460 31
9234 1594 39
10693 1924 40
12002 2116 63
13891 2376 75
16305 2631 77
18443 3066 85
21400 3497 91
24194 3904 97
27855 4513 137
32060 5166 143
36317 6046 145
42194 6789 212
47422 7708 201
53454 8928 227
60842 10280 316
68112 11557 313
75676 13407 379
84903 14994 420
96076 17160 480
106533 19381 539
119511 22092 573
132247 25097 726
147043 28551 794
162675 32246 878
180810 35718 1017
200239 40145 1111
221125 45022 1326
246114 50440 1523
272582 57102 1652
301041 63359 1848
333289 70645 2083
367577 79151 2246
402754 88465 2552
442609 98241 2872
482698 109273 3117
524704 120632 3589
572048 134358 3877
615244 147855 4336
662256 163422 4772
