10000000
0 0 0
0 0 0
0 0 0
0 0 0
0 0 0
2 0 0
5 0 0
0 0 0
4 0 0
7 0 0
7 0 0
4 0 0
13 3 0
13 1 0
16 2 0
16 1 0
23 4 0
24 2 0
36 2 0
41 0 0
38 7 0
44 2 0
61 5 0
62 8 0
88 11 0
90 8 0
110 12 0
123 22 0
139 14 0
157 17 0
196 30 3
248 34 2
264 33 1
307 39 1
314 45 0
380 56 1
432 68 4
519 89 3
587 102 2
662 105 4
763 96 3
846 133 5
922 153 2
1118 185 3
1202 212 12
1306 241 6
1525 265 9
1678 326 12
1863 362 3
2073 355 11
2367 440 14
2633 516 12
3032 585 13
3392 652 18
3693 693 11
4316 809 24
4667 938 24
5446 1060 23
6233 1143 20
7039 1286 37
8190 1460 45
9204 1689 43
10438 1874 55
12205 2046 65
14027 2390 61
16180 2785 74
18473 3147 81
20983 3583 103
24420 4015 113
28314 4507 130
32235 5276 163
36970 5922 165
41578 6714 192
47658 7765 232
53653 9046 257
60685 10296 321
67748 11512 332
76270 13490 369
85419 15192 431
95747 17075 488
106420 19437 568
118573 22052 674
131551 25271 730
146749 28319 767
162521 31786 955
180794 35803 994
199656 40342 1171
222044 45209 1297
245249 50777 1497
272445 56883 1544
300968 63506 1846
332177 71198 2127
366267 78955 2245
403895 87630 2524
442106 98193 2976
482884 109294 3142
526039 120978 3529
570592 133879 3952
616913 147847 4288
663597 164396 4748
