10000000
0 0 0
0 0 0
0 0 0
1 0 0
1 0 0
3 0 0
3 0 0
2 0 0
3 0 0
6 0 0
9 0 0
14 0 0
10 0 0
17 1 0
14 0 0
19 1 0
14 2 0
12 4 0
35 3 0
27 2 0
47 4 0
51 3 0
56 4 0
68 11 0
73 9 0
94 15 0
95 15 0
134 20 0
131 21 5
151 23 1
193 23 1
191 17 2
249 34 0
325 34 1
315 43 2
383 52 3
432 80 5
547 68 3
566 88 5
689 104 1
788 136 4
820 133 3
1006 154 6
1040 202 1
1270 193 11
1278 224 11
1482 283 9
1680 303 8
1933 319 10
2150 422 9
2303 479 19
2620 466 19
2909 549 23
3396 633 26
3744 747 27
4165 813 23
4801 948 29
5412 1046 20
6243 1192 39
7084 1311 36
8198 1480 42
9235 1666 42
10710 1816 45
12199 2055 66
13984 2458 63
15998 2707 68
18263 3018 100
21337 3591 105
24455 3918 108
27941 4638 131
32091 5135 163
36702 5854 178
41802 6817 194
47482 7880 242
53921 8933 250
60262 10217 280
68032 11634 343
76426 13232 358
85455 15112 440
95800 17316 494
106143 19720 502
118547 22088 649
132045 25355 746
146153 28307 805
162969 31737 918
181441 36189 981
199831 40706 1166
222364 45009 1299
245665 50827 1454
273036 56700 1636
300905 63693 1827
332009 70445 2158
365592 79135 2347
402999 88260 2545
441212 97753 2962
483296 109053 3162
525423 121143 3612
570317 133566 3983
616223 147618 4365
662517 163073 4818
