10000000
0 0 0
0 0 0
0 0 0
0 0 0
1 0 0
0 0 0
4 0 0
1 0 0
3 0 0
5 0 0
7 0 0
10 0 0
14 2 0
10 4 0
5 0 0
12 1 0
25 0 0
27 1 0
22 3 0
29 3 0
37 7 0
48 2 0
62 4 0
71 10 0
70 3 0
94 12 0
113 11 0
118 11 0
162 24 0
147 20 0
220 28 1
242 34 1
240 30 0
297 42 3
387 52 0
383 68 2
436 70 1
561 96 1
572 89 2
677 93 1
716 114 3
803 149 3
935 162 8
1109 200 6
1191 207 8
1376 213 3
1537 255 7
1686 300 11
1859 337 12
2152 398 15
2325 457 9
2702 508 13
2995 605 16
3387 628 17
3745 701 22
4201 775 25
4747 900 22
5429 1041 30
6078 1203 32
6934 1330 29
8131 1464 39
9145 1666 42
10422 1925 51
12153 2054 66
14008 2360 65
16126 2614 87
18541 2995 101
21153 3520 94
24712 3872 91
28270 4587 147
32210 5188 145
36755 5836 157
41714 6817 201
47470 7650 230
53548 8946 237
60708 10282 268
68389 11451 341
76809 13283 396
85875 14969 423
95696 17503 489
106732 19281 562
118222 22082 624
132421 25063 700
146260 28533 808
163280 31910 847
180572 35898 1056
199536 40324 1165
221548 44886 1322
246004 50632 1420
272251 57222 1639
300535 63458 1854
333029 70953 2043
366838 79000 2329
402874 88166 2566
441729 97598 2865
484368 108787 3200
526781 120806 3532
570336 134117 4027
615822 147830 4319
662342 163009 4781
