10000000
0 0 0
0 0 0
0 0 0
1 0 0
1 0 0
0 0 0
1 0 0
2 0 0
5 0 0
4 0 0
8 0 0
15 0 0
13 2 0
20 0 0
13 0 0
22 3 0
21 1 0
31 3 0
23 4 0
49 6 0
41 4 0
49 3 0
52 7 0
72 11 0
84 7 0
90 12 0
93 9 0
137 21 0
144 21 2
170 21 1
188 23 0
227 33 1
242 32 2
293 43 0
346 41 0
390 59 2
449 62 0
543 73 0
576 83 2
667 112 3
697 117 3
814 151 3
1014 175 8
1112 200 9
1168 212 4
1385 226 7
1417 248 4
1681 298 7
1888 334 6
2096 392 11
2361 429 10
2637 493 13
2946 554 14
3371 611 19
3765 709 22
4259 823 24
4779 903 32
5542 965 28
6129 1180 32
7185 1328 35
8140 1459 44
9164 1629 52
10686 1846 53
12211 2054 53
14145 2536 63
16219 2737 64
18504 3051 89
21310 3422 100
24508 4003 121
27541 4524 133
31910 5184 150
36399 5903 174
41701 6831 199
47207 7784 244
53798 9015 249
60401 10299 299
67922 11690 317
76696 13281 404
85761 15231 446
95575 17359 488
106716 19634 534
118753 22101 646
131780 24782 725
146542 28420 787
163127 31742 918
180585 36017 1030
200468 40726 1093
222430 45104 1247
246153 50847 1425
272758 56661 1622
300311 63447 1880
332956 70645 2107
366795 79232 2328
404123 88226 2516
441837 98430 2927
483670 109262 3211
525900 120633 3523
569714 133533 3965
616965 147999 4307
663273 163896 4789
