10000000
0 0 0
0 0 0
0 0 0
2 0 0
0 0 0
1 0 0
2 0 0
2 0 0
5 0 0
1 0 0
10 0 0
5 0 0
8 2 0
11 2 0
14 1 0
16 1 0
18 1 0
25 3 0
29 4 0
31 2 0
53 1 0
40 3 0
52 7 0
58 7 0
77 7 0
84 8 0
100 14 0
114 13 0
158 26 1
169 33 1
208 33 1
230 28 1
274 40 0
284 56 0
332 50 1
392 58 1
464 57 1
537 75 1
566 86 5
632 90 0
754 105 4
886 128 2
950 147 3
1113 180 2
1184 207 6
1352 264 8
1565 282 9
1684 312 9
1958 360 12
2136 372 11
2308 463 12
2662 500 13
2945 551 11
3306 642 14
3708 720 22
4184 806 22
4774 871 28
5527 1016 31
6161 1219 38
7138 1311 28
8029 1426 46
9346 1655 53
10596 1930 47
12142 2117 64
14168 2327 70
16071 2697 79
18613 3042 98
21213 3566 97
24164 4000 120
27851 4508 121
32194 5308 147
36959 5991 197
41991 6778 203
47594 7757 205
53573 8910 244
60359 10193 298
68209 11705 343
76988 13234 379
85135 15048 428
96025 17158 521
106615 19356 539
119038 22156 668
132319 25108 731
146631 28265 837
163332 32153 882
180361 35837 1071
200644 40310 1191
221784 45349 1296
246190 50730 1428
272127 57110 1634
300354 63200 1895
331940 70990 2099
366443 79158 2256
402393 87752 2608
440554 97479 2825
483388 109174 3268
526996 120932 3556
570831 134051 3937
616917 147963 4354
661805 163637 4762
