10000000
0 0 0
0 0 0
0 0 0
2 0 0
1 0 0
3 0 0
1 0 0
3 0 0
4 0 0
4 0 0
5 0 0
12 0 0
9 1 0
15 1 0
14 2 0
30 1 0
20 0 0
19 4 0
43 1 0
31 2 0
32 2 0
46 5 0
54 7 0
59 6 0
68 7 0
99 11 0
109 12 0
131 16 0
136 19 1
173 17 1
221 28 0
198 23 2
260 28 1
275 40 2
351 55 0
388 47 2
436 78 1
488 76 1
557 93 5
669 112 5
672 117 1
796 135 2
935 164 1
1104 181 9
1206 192 5
1393 219 3
1498 281 5
1659 324 10
1862 352 9
2195 403 11
2404 472 6
2571 472 15
2929 567 15
3337 599 19
3737 712 24
4103 815 17
4819 926 32
5359 995 33
6215 1122 34
7014 1316 38
8110 1498 49
9406 1723 43
10554 1894 61
12076 2149 71
13921 2446 71
16108 2647 76
18501 3078 102
21338 3500 108
24208 3969 123
28040 4527 137
32006 5265 154
36360 5903 158
41803 6838 183
47216 7710 209
53795 8922 254
60654 10261 295
68106 11446 333
76427 13427 387
85662 15130 404
95860 17209 496
106629 19408 556
119005 22060 656
132180 25021 699
146730 28343 794
162475 31596 945
180027 36023 1014
200589 40760 1166
221025 45703 1288
246779 50738 1486
271541 56842 1586
300374 63594 1855
331955 71139 2047
366453 79744 2251
404666 87970 2596
442594 97947 2851
482491 108540 3189
526471 121119 3534
570835 134449 3894
616800 148673 4353
662918 163394 4769
