10000000
0 0 0
0 0 0
0 0 0
0 0 0
0 0 0
3 0 0
1 0 0
2 0 0
7 0 0
3 0 0
3 0 0
7 0 0
13 0 0
9 0 0
19 1 0
19 1 0
18 3 0
22 2 0
25 4 0
30 1 0
37 3 0
31 3 0
58 4 0
72 9 0
71 7 0
80 9 0
108 12 0
123 19 0
145 16 0
161 20 1
220 29 1
238 21 2
246 35 0
302 43 0
343 45 1
404 55 1
448 57 2
511 68 1
580 92 0
656 94 5
778 98 0
871 155 6
952 158 2
1091 188 4
1202 206 3
1296 228 8
1504 273 9
1682 299 12
1846 338 12
2113 389 12
2376 421 11
2607 503 18
2911 621 16
3305 614 18
3815 748 21
4315 766 18
4868 915 25
5437 1061 36
6089 1139 33
6913 1318 40
7989 1466 47
9117 1633 54
10582 1860 49
12061 2123 65
13767 2369 64
16231 2774 69
18518 3013 83
21192 3504 95
24481 4083 125
27955 4494 103
32065 5210 155
36663 6018 191
41690 6914 199
47192 7669 218
53248 8856 265
60468 10225 277
68315 11675 316
76795 13147 414
85682 15096 452
96239 17216 494
106410 19506 539
118868 22266 620
132183 25268 725
146585 28407 807
162740 32194 883
180906 35938 1010
200268 40343 1153
221589 45181 1239
246153 50959 1384
271593 57295 1616
300684 63415 1854
332514 70707 2052
366320 79230 2225
403525 88519 2504
442656 98196 2906
482648 109176 3193
526530 120288 3625
571983 134181 3970
616111 148120 4240
663309 163942 4840
