10000000
0 0 0
0 0 0
0 0 0
1 0 0
0 0 0
1 0 0
1 0 0
6 0 0
3 0 0
3 0 0
8 0 0
6 0 0
12 2 0
16 2 0
10 1 0
19 2 0
25 1 0
24 3 0
29 3 0
37 1 0
37 5 0
49 12 0
56 8 0
81 8 0
85 14 0
101 8 0
104 7 0
125 17 0
138 16 1
154 17 0
185 19 0
219 29 2
241 41 0
312 40 1
350 41 0
412 72 1
459 55 0
497 74 2
553 114 7
671 96 4
749 136 0
846 136 5
949 152 3
1043 162 7
1213 186 5
1345 262 10
1482 261 9
1719 333 7
1947 349 10
2199 396 13
2388 446 18
2702 498 18
2955 551 10
3265 626 25
3805 717 24
4207 874 15
4809 843 33
5538 1031 22
6270 1175 32
7011 1304 36
8142 1436 50
9312 1688 53
10533 1819 47
12188 2100 65
14142 2300 66
15986 2717 69
18617 2993 89
21097 3503 103
24697 4015 110
28001 4660 138
32213 5354 169
36154 5980 182
41800 6899 177
47260 7859 194
53255 8997 263
60285 10064 272
68059 11464 297
76655 13161 369
85212 15090 475
95298 17275 479
106404 19496 549
118194 22345 633
132015 25072 710
147157 28676 835
162765 32098 900
180371 36144 1074
200529 40536 1119
221894 45446 1276
246327 50816 1455
272666 56707 1608
300256 63473 1835
332742 70975 2028
365204 78778 2226
402412 87657 2569
441688 97871 3009
483545 108110 3186
526321 120835 3546
570093 133666 4031
615533 148654 4378
661559 163323 4862
