10000000
0 0 0
0 0 0
0 0 0
2 0 0
2 0 0
1 0 0
2 0 0
4 0 0
8 0 0
5 0 0
8 0 0
11 0 0
5 2 0
6 0 0
10 0 0
23 1 0
18 1 0
26 2 0
28 1 0
42 4 0
34 3 0
48 3 0
42 8 0
59 11 0
90 12 0
92 12 0
119 10 0
120 23 0
133 13 0
173 25 0
186 28 2
230 37 1
251 43 2
302 51 1
344 43 1
396 73 2
448 66 2
510 77 2
576 109 1
631 104 4
746 138 3
780 132 4
932 150 5
1023 189 2
1208 220 3
1359 233 7
1522 280 4
1679 326 14
1904 346 16
2114 387 12
2396 449 7
2654 497 11
3023 594 12
3381 636 15
3714 779 21
4192 803 17
4846 914 19
5287 992 27
6163 1138 32
7016 1254 35
7942 1488 44
9263 1680 46
10396 1900 39
12196 2143 62
13855 2371 82
16096 2753 87
18690 3075 89
21428 3552 104
24532 4043 138
28131 4613 124
32470 5232 135
36916 5915 177
41928 6794 192
47083 8022 209
53623 8966 249
60939 10012 300
68385 12023 335
76616 13167 398
86466 15340 432
95551 17148 489
106830 19442 562
119114 22433 630
132197 24793 710
146951 27964 797
163087 32129 899
181097 36122 1039
199921 40507 1093
222828 45579 1301
245214 50996 1455
272177 56781 1658
300467 63881 1881
332344 70501 2010
366743 78753 2283
402863 88265 2521
443269 98097 2851
483931 108715 3183
526774 121427 3524
570918 133887 3888
616997 148521 4499
662821 163643 4815
