10000000
0 0 0
0 0 0
0 0 0
1 0 0
0 0 0
1 0 0
3 0 0
1 0 0
3 0 0
4 0 0
7 0 0
7 0 0
15 1 0
8 2 0
21 1 0
19 1 0
22 4 0
28 1 0
36 2 0
40 1 0
47 3 0
53 5 0
56 5 0
64 11 0
74 8 0
98 10 0
110 10 0
126 13 0
162 24 3
158 13 1
193 28 2
210 28 1
253 36 1
318 45 1
346 45 2
409 60 0
431 80 2
451 81 0
578 81 4
662 108 1
772 113 2
873 147 6
953 159 2
1072 177 6
1190 203 6
1433 264 16
1477 245 6
1649 318 8
1877 338 7
2100 392 8
2422 435 8
2619 497 17
2929 514 13
3342 645 21
3827 693 25
4318 795 24
4938 859 20
5328 1033 27
6317 1163 39
7083 1247 41
8003 1424 57
9210 1582 50
10704 1882 54
12206 2143 47
13967 2298 75
16128 2776 62
18509 3061 101
21294 3577 94
24403 3933 113
27721 4590 132
32083 5083 168
36388 5979 175
41988 6855 219
47289 7625 210
53521 8876 250
60489 10159 296
68513 11593 336
76769 13223 368
85882 15124 439
96005 17081 486
106186 19536 527
118837 22422 645
131686 25027 711
146720 28425 774
162577 32082 903
180265 35882 981
200700 40925 1079
223531 45304 1283
245757 50490 1455
272079 57139 1647
300226 63303 1817
333029 71158 1968
366535 78856 2179
403097 88336 2449
442486 98325 2922
483793 109091 3327
526796 121097 3518
571147 134052 3997
615021 148719 4399
662045 164162 4787
