10000000
0 0 0
0 0 0
0 0 0
0 0 0
1 0 0
5 0 0
2 0 0
4 0 0
4 0 0
4 0 0
7 0 0
5 0 0
6 1 0
16 1 0
16 2 0
13 0 0
19 0 0
20 1 0
26 0 0
31 4 0
37 3 0
44 9 0
70 9 0
60 11 0
89 13 0
90 7 0
126 20 0
148 22 0
143 16 1
173 17 1
224 26 2
219 29 2
260 34 0
274 40 0
356 53 0
393 57 6
496 59 1
551 70 3
558 100 3
656 120 3
764 124 3
851 150 5
893 175 5
1116 177 1
1213 211 8
1340 239 4
1509 279 5
1633 299 6
1827 345 8
2105 359 17
2284 423 9
2659 510 12
2982 581 18
3360 680 21
3713 690 16
4283 803 20
4775 893 25
5439 1045 38
6193 1145 29
7089 1293 43
7983 1472 35
9232 1627 49
10670 1836 47
12181 2107 55
14073 2442 55
15907 2744 79
18511 3133 85
21205 3527 95
24470 4004 109
28050 4543 124
32003 5247 150
36175 5934 164
41944 6821 177
47198 7720 231
53398 8869 236
60278 10229 274
67925 11634 355
76767 13407 392
85896 15163 473
95447 17211 496
107126 19626 549
119010 22079 602
131991 24976 705
146776 28233 810
162825 32117 937
180794 36274 1022
199630 40719 1156
221767 45203 1356
245940 50740 1451
272676 56987 1626
300728 63328 1912
333259 71106 2096
366254 78907 2298
403723 87849 2548
443190 97643 2938
484740 108920 3069
526670 121141 3493
570974 133787 3912
615319 148217 4259
662062 164917 4731
