10000000
0 0 0
0 0 0
0 0 0
2 0 0
0 0 0
2 0 0
2 0 0
3 0 0
1 0 0
7 0 0
11 0 0
10 0 0
12 0 0
17 0 0
14 3 0
17 0 0
27 2 0
26 2 0
37 3 0
33 4 0
33 4 0
43 4 0
46 5 0
59 7 0
90 8 0
103 11 0
111 9 0
129 19 0
149 32 1
158 20 1
155 28 1
234 27 2
260 37 2
306 45 0
348 54 1
404 53 2
476 64 1
561 93 2
568 79 2
688 106 7
745 114 4
832 145 7
937 160 1
1070 176 5
1163 210 7
1324 221 6
1481 271 7
1665 297 10
1776 331 12
2073 365 10
2262 446 8
2702 504 12
3093 563 18
3334 665 17
3793 756 21
4254 814 21
4782 923 19
5367 961 40
6124 1127 38
6932 1307 36
8110 1436 54
9298 1725 52
10646 1854 53
12156 2116 64
13716 2380 78
15772 2749 79
18688 3093 116
21235 3534 91
24601 3948 103
28158 4518 119
32311 5158 140
36903 6015 163
41816 6912 215
47562 7772 211
53951 8824 267
60453 10234 306
67790 11870 303
76257 13530 374
85424 15222 419
95787 17320 500
106399 19678 566
117991 22200 637
132326 25179 729
145917 28399 794
162234 31910 932
180364 36035 1008
200187 40230 1129
221787 45271 1379
245342 50674 1519
272364 57128 1643
300986 63726 1832
332091 71103 2021
365417 79223 2231
403565 88394 2587
442207 97910 2856
482550 109221 3188
524840 120200 3552
570470 134538 3839
617115 147718 4391
663137 163942 4860
