10000000
0 0 0
0 0 0
0 0 0
0 0 0
3 0 0
1 0 0
0 0 0
1 0 0
7 0 0
7 0 0
12 0 0
6 0 0
3 0 0
12 1 0
11 1 0
16 2 0
18 0 0
23 1 0
21 4 0
38 5 0
35 2 0
52 2 0
51 5 0
71 12 0
77 7 0
104 11 0
119 7 0
112 18 0
170 17 1
150 27 0
205 31 3
210 21 1
278 35 1
305 52 1
349 45 0
413 48 0
430 74 3
531 67 4
568 100 6
661 103 4
769 120 6
831 141 5
973 163 3
1093 171 4
1203 214 6
1408 253 6
1468 251 11
1670 300 7
1900 331 11
2164 379 12
2365 421 13
2618 507 16
2875 524 14
3374 612 14
3723 685 23
4324 761 24
4791 937 33
5418 992 19
6028 1074 37
7063 1267 33
8077 1512 36
9164 1703 53
10690 1930 62
12066 2094 56
14083 2427 72
16061 2625 69
18611 3112 95
21316 3489 96
24800 3978 104
27845 4517 112
32319 5029 142
36973 5926 184
41938 6767 182
47029 7786 225
53680 8896 266
60376 10283 296
68155 11621 324
75984 13406 371
85600 15162 430
95832 17325 497
106632 19566 566
118777 22126 623
131789 25105 737
146832 28234 805
162809 31725 874
180593 36350 1001
200562 40282 1111
222152 45743 1294
246149 50825 1468
273514 56704 1602
301302 63589 1827
332538 71271 2022
366881 79088 2360
403656 88007 2561
442486 98449 2865
481949 108963 3167
526880 121149 3576
571627 133562 3860
616283 148386 4324
663469 162879 4770
