0
0
0
0
0
0
0
0
0
0
0
0
0
0
0
0
0
0
0
0
0
0
0
0
0
0
0
0
0
0
0
0
0
0
0
0
0
0
0
0
0
0
0
0
0
0
0
0
0
0
0
0
0
0
0
0
0
0
0
0
0
0
0
0
0
0
0
0
0
0
0
0
0
0
0
0
0
0
0
0
0
0
0
0
0
0
0
0
0
0
0
0
0
0
0
0
0
0
0
0
0
0
0
0
0
0
0
0
0
0
0
0
0
0
0
0
0
0
0
0
0
0
0
0
0
0
0
0
0
0
0
0
0
0
0
0
0
0
0
0
0
0
0
0
0
0
0
0
0
0
0
0
0
0
0
0
0
0
0
0
0
0
0
0
0
0
0
0
0
0
0
0
0
0
0
0
0
0
0
0
0
0
0
0
0
0
0
0
0
0
0
0
0
0
0
0
0
0
0
0
0
0
0
0
0
0
0
0
0
0
5880
25354
63192
88088
96871
120006
141721
159986
177235
177235
197340
198981
213953
223803
233992
243957
243957
267900
269512
294892
300121
307396
316134
322631
328231
333423
340928
343277
343976
344397
345728
346240
348224
349745
351017
351017
351017
351459
353156
353302
353789
353955
361645
387438
433202
509998
544898
613200
677353
702551
748573
787007
806252
829116
842183
842183
866792
866792
866792
866792
900519
939472
995325
1077086
1146978
1206499
1235288
1250443
1250443
1284531
1320528
1354170
1378696
1423239
1446973
1504809
1537230
1583740
1628876
1646176
1668074
1686564
1697686
1713686
1722998
1736314
1746397
1793472
1806612
1882693
1886930
1994384
2063809
2134106
2154206
2254887
2448361
2584091
2646042
2679063
2699350
2778714
2778714
2778714
2778714
3775976
3775976
3775976
3775976
3775976
3775976
3775976
3775976
5269083
5514315
5620254
5664905
5807496
5949451
6121540
6464296
6873138
7042418
7173120
7703411
8169232
8582094
8801182
9007588
9137887
9179246
9414851
9714857
9994589
10211537
10406048
10544228
10579220
10672627
10747236
10814200
10867900
10968195
11054101
11093465
11124145
11203890
11306826
11406358
11511115
11593990
11610686
11662496
11700763
11730305
11773685
11821594
11853825
11861029
11925577
11967327
12043368
12123409
12255004
12360162
12398451
12480870
12553819
12613749
12657989
12720463
12768759
12783535
12818379
12839638
12850329
12932536
13038469
13126455
13156574
13201141
13265898
13319379
13319379
13319379
13319379
13319379
13319379
13501175
13521066
13523722
13540350
13577829
13581028
13591413
13596509
13604891
13604891
13621704
13648423
13665555
13674957
13682459
13688710
13690775
13694959
13705311
13707519
13716871
13721117
13723234
13725136
13725136
13738536
13741194
13745161
13749891
13753715
13756417
13756417
13763844
13766610
13770028
13771693
13774140
13774140
13782724
13789006
13789917
13793217
13796586
13801586
13803820
13808331
13809954
13810482
13813852
13817888
13821374
13824015
13827474
13829115
13829473
13833773
13836707
13840279
13843044
13845347
13846323
13846752
13849314
13850844
13852537
13853950
13856165
13859887
13860697
13862165
13862165
13865450
13865450
13869020
13871724
13873104
13873905
13875938
13878734
13879863
13881187
13883259
13883801
13886321
13888605
13891828
13897682
13911179
13915137
13917564
13930315
13943179
13958389
13958389
14010772
14015145
14021430
14023405
14027528
14029704
14033275
14037188
14037768
14040972
14044375
14047994
14052854
14063861
14079398
14082672
14091594
14103467
14127410
14147202
14155661
14155661
14155661
14177935
14180650
14187343
14190304
14197139
14197139
0
0
0
0
0
0
0
0
0
0
0
0
0
0
0
0
0
0
0
0
0
0
0
0
0
0
0
0
0
0
0
0
0
0
0
0
0
0
0
0
0
0
0
0
0
0
0
0
0
0
0
0
0
0
0
0
0
0
0
0
0
0
0
0
0
0
0
0
0
0
0
0
0
0
0
0
0
0
0
0
0
0
0
0
0
0
0
0
0
0
0
0
0
0
0
0
0
0
0
0
0
0
0
0
0
0
0
0
0
0
0
0
0
0
0
0
0
0
0
0
0
0
0
0
0
0
0
0
0
0
0
0
0
0
0
0
0
0
0
0
0
0
0
0
0
0
0
0
0
0
0
0
0
0
0
0
0
0
0
0
0
0
0
0
0
0
0
0
0
0
0
0
0
0
0
0
0
0
0
0
0
0
0
0
0
0
0
0
0
0
0
0
0
0
0
0
0
0
0
0
0
0
0
0
0
0
0
0
0
0
5880
25354
63192
88088
96871
120006
141721
159986
177235
177235
197340
198981
213953
223803
233992
243957
243957
267900
269512
294892
300121
307396
316134
322631
328231
333423
340928
343277
343976
344397
345728
346240
348224
349745
351017
351017
351017
351459
353156
353302
353789
353955
361645
387438
433202
509998
544898
613200
677353
702551
748573
787007
806252
829116
842183
842183
866792
866792
866792
866792
900519
939472
995325
1077086
1146978
1206499
1235288
1250443
1250443
1284531
1320528
1354170
1378696
1423239
1446973
1504809
1537230
1583740
1628876
1646176
1668074
1686564
1697686
1713686
1722998
1736314
1746397
1793472
1806612
1882693
1886930
1994384
2063809
2134106
2154206
2254887
2448361
2584091
2646042
2679063
2699350
2778714
2778714
2778714
2778714
3775976
3775976
3775976
3775976
3775976
3775976
3775976
3775976
5269083
5514315
5620254
5664905
5807496
5949451
6121540
6464296
6873138
7042418
7173120
7703411
8169232
8582094
8801182
9007588
9137887
9179246
9414851
9714857
9994589
10211537
10406048
10544228
10579220
10672627
10747236
10814200
10867900
10968195
11054101
11093465
11124145
11203890
11306826
11406358
11511115
11593990
11610686
11662496
11700763
11730305
11773685
11821594
11853825
11861029
11925577
11967327
12043368
12123409
12255004
12360162
12398451
12480870
12553819
12613749
12657989
12720463
12768759
12783535
12818379
12839638
12850329
12932536
13038469
13126455
13156574
13201141
13265898
13319379
13319379
13319379
13319379
13319379
13319379
13501175
13521066
13523722
13540350
13577829
13581028
13591413
13596509
13604891
13604891
13621704
13648423
13665555
13674957
13682459
13688710
13690775
13694959
13705311
13707519
13716871
13721117
13723234
13725136
13725136
13738536
13741194
13745161
13749891
13753715
13756417
13756417
13763844
13766610
13770028
13771693
13774140
13774140
13782724
13789006
13789917
13793217
13796586
13801586
13803820
13808331
13809954
13810482
13813852
13817888
13821374
13824015
13827474
13829115
13829473
13833773
13836707
13840279
13843044
13845347
13846323
13846752
13849314
13850844
13852537
13853950
13856165
13859887
13860697
13862165
13862165
13865450
13865450
13869020
13871724
13873104
13873905
13875938
13878734
13879863
13881187
13883259
13883801
13886321
13888605
13891828
13897682
13911179
13915137
13917564
13930315
13943179
13958389
13958389
14010772
14015145
14021430
14023405
14027528
14029704
14033275
14037188
14037768
14040972
14044375
14047994
14052854
14063861
14079398
14082672
14091594
14103467
14127410
14147202
14155661
14155661
14155661
14177935
14180650
14187343
14190304
14197139
14197139
0
0
0
0
0
0
0
0
0
0
0
0
0
0
0
0
0
0
0
0
0
0
0
0
0
0
0
0
0
0
0
0
0
0
0
0
0
0
0
0
0
0
0
0
0
0
0
0
0
0
0
0
0
0
0
0
0
0
0
0
0
0
0
0
0
0
0
0
0
0
0
0
0
0
0
0
0
0
0
0
0
0
0
0
0
0
0
0
0
0
0
0
0
0
0
0
0
0
0
0
0
0
0
0
0
0
0
0
0
0
0
0
0
0
0
0
0
0
0
0
0
0
0
0
0
0
0
0
0
0
0
0
0
0
0
0
0
0
0
0
0
0
0
0
0
0
0
0
0
0
0
0
0
0
0
0
0
0
0
0
0
0
0
0
0
0
0
0
0
0
0
0
0
0
0
0
0
0
0
0
0
0
0
0
0
0
0
0
0
0
0
0
0
0
0
0
0
0
0
0
0
0
0
0
0
0
0
0
0
0
5880
25354
63192
88088
96871
120006
141721
159986
177235
177235
197340
198981
213953
223803
233992
243957
243957
267900
269512
294892
300121
307396
316134
322631
328231
333423
340928
343277
343976
344397
345728
346240
348224
349745
351017
351017
351017
351459
353156
353302
353789
353955
361645
387438
433202
509998
544898
613200
677353
702551
748573
787007
806252
829116
842183
842183
866792
866792
866792
866792
900519
939472
995325
1077086
1146978
1206499
1235288
1250443
1250443
1284531
1320528
1354170
1378696
1423239
1446973
1504809
1537230
1583740
1628876
1646176
1668074
1686564
1697686
1713686
1722998
1736314
1746397
1793472
1806612
1882693
1886930
1994384
2063809
2134106
2154206
2254887
2448361
2584091
2646042
2679063
2699350
2778714
2778714
2778714
2778714
3775976
3775976
3775976
3775976
3775976
3775976
3775976
3775976
5269083
5514315
5620254
5664905
5807496
5949451
6121540
6464296
6873138
7042418
7173120
7703411
8169232
8582094
8801182
9007588
9137887
9179246
9414851
9714857
9994589
10211537
10406048
10544228
10579220
10672627
10747236
10814200
10867900
10968195
11054101
11093465
11124145
11203890
11306826
11406358
11511115
11593990
11610686
11662496
11700763
11730305
11773685
11821594
11853825
11861029
11925577
11967327
12043368
12123409
12255004
12360162
12398451
12480870
12553819
12613749
12657989
12720463
12768759
12783535
12818379
12839638
12850329
12932536
13038469
13126455
13156574
13201141
13265898
13319379
13319379
13319379
13319379
13319379
13319379
13501175
13521066
13523722
13540350
13577829
13581028
13591413
13596509
13604891
13604891
13621704
13648423
13665555
13674957
13682459
13688710
13690775
13694959
13705311
13707519
13716871
13721117
13723234
13725136
13725136
13738536
13741194
13745161
13749891
13753715
13756417
13756417
13763844
13766610
13770028
13771693
13774140
13774140
13782724
13789006
13789917
13793217
13796586
13801586
13803820
13808331
13809954
13810482
13813852
13817888
13821374
13824015
13827474
13829115
13829473
13833773
13836707
13840279
13843044
13845347
13846323
13846752
13849314
13850844
13852537
13853950
13856165
13859887
13860697
13862165
13862165
13865450
13865450
13869020
13871724
13873104
13873905
13875938
13878734
13879863
13881187
13883259
13883801
13886321
13888605
13891828
13897682
13911179
13915137
13917564
13930315
13943179
13958389
13958389
14010772
14015145
14021430
14023405
14027528
14029704
14033275
14037188
14037768
14040972
14044375
14047994
14052854
14063861
14079398
14082672
14091594
14103467
14127410
14147202
14155661
14155661
14155661
14177935
14180650
14187343
14190304
14197139
14197139
