21497306
3382 0 13
3388 0 13
3395 0 13
3402 0 13
3513 0 13
4252 0 13
4459 0 13
4488 0 13
4523 0 13
4628 0 13
4752 0 13
4844 0 13
5038 0 13
5170 0 13
5244 0 13
5354 0 13
5475 0 13
5538 0 13
5625 0 13
5811 0 13
5978 0 13
6287 0 14
7153 0 14
7521 0 15
7872 0 16
8413 0 16
8870 0 19
9205 0 19
9791 0 19
10424 0 19
10663 0 20
11060 0 21
11335 0 21
11744 0 23
12187 0 24
12570 0 29
12970 0 30
13419 0 34
13929 0 35
14285 0 36
14715 0 41
15350 0 46
15723 0 48
16191 0 53
16583 0 53
17287 0 58
17674 0 61
18075 0 66
18402 0 69
18841 0 73
19280 0 74
19771 0 83
20171 0 87
20508 0 90
20967 0 94
21469 0 96
22028 0 99
22501 0 107
22988 0 109
23484 0 116
23987 0 118
24532 0 122
25410 0 124
26038 0 129
26559 0 130
27228 0 137
27877 0 140
28580 0 142
29378 0 142
30072 0 144
30613 0 146
31375 0 147
32135 0 149
32790 0 152
33478 0 154
34121 0 154
34737 0 160
35387 0 160
36049 0 165
36667 0 171
37261 0 176
37631 0 181
38059 0 183
38639 0 184
39231 0 185
39782 0 186
40380 0 187
41054 0 191
41603 0 194
42056 0 195
42702 0 199
43299 0 204
43856 0 208
44371 0 211
44774 0 211
45242 0 215
45726 0 217
46248 0 219
46780 0 222
47305 0 225
47840 0 229
48380 0 232
48949 0 240
49537 0 244
50229 0 247
50899 0 251
51594 0 255
52313 0 256
53062 0 264
53750 0 270
54419 0 273
55189 0 274
56076 0 276
56863 0 278
57587 0 280
58430 0 283
59167 0 287
59922 0 288
60694 0 290
61586 0 297
62445 0 305
63293 0 313
64157 0 316
64983 0 323
65698 0 330
66409 0 332
67115 0 339
67850 0 343
68576 0 351
69348 0 356
70235 0 365
71211 0 370
72174 0 375
73116 0 379
74056 0 384
74852 0 390
75654 0 397
76428 0 403
77184 0 409
77906 0 422
78420 0 430
78937 0 433
79480 0 435
79999 0 445
80517 0 450
81009 0 453
81467 0 457
81933 0 459
82430 0 464
82890 0 464
83094 0 464
83552 0 476
83870 0 483
84226 0 484
84610 0 489
84960 0 493
85150 0 493
85695 0 502
86039 0 507
86343 0 511
86685 0 511
86989 0 520
87286 0 525
87600 0 526
87907 0 527
88238 0 532
88392 0 532
88862 0 537
89024 0 537
89497 0 544
89655 0 544
90200 0 546
90514 0 551
90765 0 552
91018 0 552
91289 0 554
91561 0 557
91839 0 558
92088 0 561
92303 0 566
92442 0 566
92706 0 568
92917 0 571
93128 0 571
93295 0 575
93436 0 581
93595 0 581
93690 0 586
93910 0 588
94253 0 591
94564 0 593
94848 0 595
95131 0 598
95394 0 598
95620 0 602
95719 0 602
95949 0 608
96186 0 615
96354 0 615
96796 0 618
97105 0 620
97472 0 620
98050 0 630
98722 0 634
99518 0 634
100586 0 638
101379 0 642
102376 0 647
103487 0 647
104953 0 661
106484 0 661
108146 0 678
109862 0 687
111753 0 696
113676 0 709
115590 0 709
117529 0 734
119424 0 745
121338 0 764
123234 0 786
125906 0 801
128530 0 827
131098 0 850
133527 0 850
135796 0 892
138085 0 923
140471 0 941
142746 0 962
145202 0 981
147720 0 1015
151343 0 1051
154786 0 1051
158333 0 1133
161242 0 1178
164201 0 1210
167172 0 1243
169900 0 1269
172277 0 1298
174861 0 1298
177711 0 1363
180593 0 1363
183452 0 1441
186364 0 1441
189241 0 1484
192547 0 1566
195844 0 1608
199254 0 1656
202357 0 1656
205333 0 1696
207979 0 1789
210661 0 1844
213396 0 1910
216134 0 1910
218366 0 2011
221277 0 2073
223638 0 2136
225922 0 2260
228256 0 2315
230692 0 2374
233064 0 2425
235413 0 2480
237661 0 2534
239689 0 2581
241820 0 2633
243913 0 2704
246109 0 2769
248050 0 2814
249926 0 2862
251751 0 2905
253618 0 2944
255508 0 2985
257225 0 3030
259089 0 3077
260972 0 3120
262795 0 3157
264057 0 3191
265630 0 3236
266499 0 3268
267433 0 3313
268676 0 3351
269946 0 3391
271483 0 3434
273031 0 3467
274538 0 3502
276106 0 3533
277519 0 3574
279059 0 3611
280543 0 3661
282060 0 3702
283512 0 3733
284932 0 3779
286419 0 3827
287973 0 3870
289577 0 3917
291298 0 3959
292608 0 4002
294850 0 4054
296516 0 4099
298181 0 4147
299892 0 4195
301832 0 4258
304202 0 4324
306662 0 4380
308812 0 4436
311349 0 4503
313769 0 4571
316219 0 4645
318775 0 4727
321429 0 4821
324223 0 4919
326043 0 5017
329994 0 5111
332947 0 5222
335851 0 5340
342079 0 5464
345118 0 5620
348270 0 5776
351533 0 5936
354968 0 6096
358608 0 6263
365683 0 6434
369359 0 6604
373165 0 6790
381812 0 6985
385696 0 7183
390000 0 7366
394355 0 7560
398801 0 7750
407768 0 7948
412370 0 8157
416961 0 8371
421557 0 8583
426169 0 8775
436081 0 8991
440302 0 9185
444130 0 9400
447757 0 9604
451401 0 9806
451401 0 9806
462767 0 10140
465949 0 10320
471863 0 10504
474780 0 10689
477636 0 10864
480478 0 10995
483280 0 11152
485922 0 11296
488482 0 11431
490957 0 11567
496423 0 11699
498694 0 11817
500772 0 11938
502758 0 12022
504491 0 12125
506009 0 12218
507330 0 12284
508672 0 12376
510040 0 12448
511372 0 12530
512531 0 12609
513609 0 12680
514592 0 12731
515524 0 12786
516465 0 12847
517377 0 12906
518775 0 12964
519630 0 13019
520432 0 13059
521218 0 13102
522002 0 13142
522778 0 13185
523550 0 13229
524937 0 13267
525663 0 13296
526383 0 13331
527064 0 13354
527735 0 13377
528415 0 13408
529755 0 13429
530421 0 13449
531070 0 13472
531648 0 13484
532218 0 13507
532766 0 13525
533305 0 13543
533860 0 13562
534975 0 13574
535529 0 13593
536084 0 13611
536645 0 13640
537201 0 13654
538320 0 13674
538860 0 13696
539416 0 13706
539981 0 13725
541073 0 13743
541639 0 13760
542212 0 13770
542793 0 13791
543385 0 13806
544013 0 13821
544630 0 13841
545256 0 13856
545935 0 13875
546653 0 13892
547346 0 13908
548061 0 13927
548784 0 13950
549500 0 13972
551343 0 13995
552274 0 14016
552994 0 14034
553722 0 14057
554459 0 14072
555204 0 14086
555929 0 14108
556626 0 14127
557361 0 14158
558860 0 14182
559605 0 14205
560345 0 14232
561059 0 14258
561778 0 14278
562520 0 14305
563267 0 14328
563989 0 14346
564733 0 14372
565471 0 14399
566196 0 14419
566936 0 14440
567682 0 14461
568423 0 14484
569171 0 14505
569928 0 14533
570672 0 14555
571426 0 14573
572188 0 14595
572902 0 14614
573649 0 14641
576194 0 14661
576966 0 14677
577724 0 14698
578439 0 14720
579134 0 14734
579685 0 14752
580209 0 14771
580922 0 14795
581595 0 14811
582149 0 14832
582722 0 14852
583251 0 14871
583649 0 14884
584107 0 14901
584586 0 14923
586183 0 14944
586746 0 14962
587245 0 14979
587596 0 14997
587935 0 15019
588300 0 15037
588929 0 15055
589479 0 15065
590063 0 15083
590651 0 15099
591231 0 15112
591667 0 15119
592128 0 15134
593072 0 15149
593725 0 15163
594319 0 15174
594996 0 15190
595657 0 15197
596347 0 15211
597035 0 15218
597707 0 15231
598536 0 15243
599363 0 15255
600203 0 15272
601048 0 15284
601886 0 15299
602763 0 15313
603654 0 15330
604581 0 15346
607104 0 15369
608065 0 15386
609047 0 15400
610103 0 15420
611185 0 15441
612322 0 15474
613478 0 15492
614659 0 15515
615902 0 15544
617189 0 15572
618520 0 15595
620732 0 15621
621985 0 15656
623248 0 15692
624545 0 15723
625804 0 15754
626966 0 15777
628116 0 15808
629347 0 15844
630599 0 15874
631816 0 15899
633051 0 15926
634333 0 15949
635606 0 15969
636837 0 15994
638043 0 16024
639297 0 16055
640578 0 16086
641786 0 16116
643072 0 16142
644060 0 16166
645037 0 16190
646034 0 16222
646948 0 16244
647699 0 16267
648410 0 16287
648993 0 16307
649632 0 16321
