332915074
1 0 0
1 0 0
2 0 0
2 0 0
5 0 0
5 0 0
5 0 0
6 0 0
6 0 0
8 0 0
8 0 0
8 0 0
11 0 0
11 0 0
11 0 0
12 0 0
12 0 0
12 0 0
12 0 0
12 0 0
13 0 0
13 0 0
14 0 0
14 0 0
14 0 0
14 0 0
14 0 0
14 0 0
14 0 0
14 0 0
16 0 0
16 0 0
16 0 0
16 0 0
16 0 0
16 0 0
17 0 0
17 0 0
25 0 1
32 0 1
55 0 6
74 0 7
107 0 11
184 0 12
237 0 14
403 0 17
519 0 21
594 0 22
782 0 28
1147 0 33
1586 0 43
2219 0 51
2978 0 58
3212 0 70
4679 0 97
6512 0 134
9169 0 194
13663 0 266
20030 0 372
26025 0 475
34944 0 603
46096 0 790
56714 0 1033
68841 0 1366
86662 0 1783
105253 0 2305
127417 0 3018
143544 0 3573
165698 0 4280
192079 0 5359
223234 0 6635
255513 0 8142
287915 0 9562
319752 0 11165
348995 0 12781
380783 0 14523
410817 0 17099
441876 0 19249
477495 0 21463
511772 0 23649
540696 0 25785
566996 0 27674
594152 0 29657
622467 0 32132
648360 0 34730
677980 0 36913
710997 0 39008
738405 0 40954
763842 0 42934
793950 0 45179
820009 0 47662
849893 0 50128
881850 0 52542
913798 0 54711
944703 0 56445
970663 0 57850
995338 0 59330
1019919 0 61571
1046779 0 63962
1076475 0 66154
1111361 0 68063
1138134 0 69804
1161871 0 71007
1185667 0 72365
1209670 0 74586
1234160 0 76905
1261894 0 78821
1289091 0 80593
1313558 0 82058
1332305 0 83059
1351357 0 84093
1374717 0 85682
1394741 0 87416
1420645 0 89197
1445458 0 90862
1469544 0 92060
1488293 0 92891
1510572 0 94110
1531056 0 95555
1553884 0 97056
1579099 0 98246
1602965 0 99450
1623148 0 100524
1643335 0 101165
1662426 0 101762
1681100 0 102418
1699838 0 103896
1721108 0 104985
1746195 0 106102
1769286 0 107053
1788181 0 107674
1806048 0 108448
1826126 0 109428
1845287 0 110437
1873208 0 111443
1899614 0 112321
1919909 0 112958
1937761 0 113415
1954658 0 113926
1974960 0 114840
1996681 0 115715
2018962 0 116532
2044514 0 117357
2068691 0 118077
2087592 0 118425
2108589 0 118826
2133122 0 119612
2160182 0 120359
2188400 0 121059
2219461 0 121693
2251274 0 122257
2277123 0 122574
2306849 0 122952
2345439 0 123691
2381696 0 124446
2421070 0 124994
2470184 0 125620
2510987 0 126116
2553903 0 126437
2595213 0 126806
2645026 0 127365
2694140 0 128063
2749063 0 128802
2800572 0 129479
2846546 0 129781
2900280 0 130104
2943422 0 130475
3000651 0 131616
3060861 0 132457
3120440 0 133488
3189230 0 134304
3249680 0 135058
3309862 0 135531
3369365 0 135966
3435016 0 136862
3500999 0 137827
3571819 0 138788
3638314 0 139703
3702623 0 140585
3761577 0 141061
3822252 0 141590
3890370 0 142686
3957950 0 143911
4025863 0 144997
4101024 0 146091
4165207 0 147060
4221077 0 147594
4280720 0 148694
4345619 0 149916
4409755 0 151356
4478964 0 152645
4543573 0 153828
4601225 0 154947
4648264 0 155404
4689921 0 155963
4751611 0 157218
4805959 0 158626
4866064 0 159807
4926625 0 161098
4990647 0 162185
5044886 0 162757
5096490 0 163274
5153531 0 164371
5208655 0 165886
5260370 0 166924
5330525 0 168233
5382900 0 169278
5417654 0 169886
5455433 0 170355
5500284 0 171580
5546080 0 172865
5591246 0 173972
5638812 0 175073
5684613 0 176052
5716540 0 176547
5750353 0 176989
5793021 0 178223
5835011 0 179401
5885556 0 180516
5931966 0 181457
5975220 0 182440
6009455 0 182889
6042737 0 183383
6084632 0 184444
6124498 0 185496
6169660 0 186527
6217985 0 187506
6261676 0 188326
6290923 0 188766
6315582 0 189086
6342162 0 189554
6375712 0 190659
6415253 0 191583
6459671 0 192739
6505273 0 193488
6545739 0 193888
6578330 0 194311
6615476 0 195513
6653643 0 196468
6698846 0 197334
6749162 0 198294
6794963 0 199005
6836640 0 199275
6868711 0 199688
6906774 0 200723
6947899 0 201786
6996822 0 202693
7043895 0 203610
7087600 0 204393
7121467 0 204705
7159046 0 205046
7201053 0 205948
7239764 0 206880
7285913 0 207796
7339391 0 208637
7388701 0 209323
7421942 0 209692
7459111 0 210174
7503670 0 210875
7552783 0 211794
7610562 0 212776
7665695 0 213749
7721017 0 214409
7768084 0 214876
7810147 0 215274
7860117 0 216051
7918564 0 217050
7981926 0 217895
8052195 0 218838
8107066 0 219658
8159301 0 220121
8226793 0 220611
8289041 0 221548
8349207 0 222722
8428823 0 223579
8510406 0 224529
8588870 0 225492
8650160 0 225950
8714344 0 226472
8791638 0 227483
8877664 0 228517
8968808 0 229520
9068554 0 230584
9156179 0 231515
9234168 0 232018
9315738 0 232575
9440498 0 234172
9540303 0 235292
9668111 0 236457
9795269 0 237671
9922817 0 238788
10042430 0 239351
10159447 0 240110
10295747 0 241526
10442682 0 242969
10601769 0 244173
10780489 0 245373
10945929 0 246746
11085476 0 247534
11238497 0 248348
11402754 0 250057
11574500 0 251999
11766704 0 254041
11968222 0 255990
12148438 0 257628
12295409 0 258689
12476644 0 259762
12649961 0 261900
12830293 0 264151
12947727 0 265554
13162358 0 267106
13330570 0 268464
13470988 0 269515
13626324 0 270827
13823237 0 273379
14018737 0 276209
14239140 0 279178
14474790 0 281790
14696867 0 284180
14876105 0 285583
15071633 0 287142
15298176 0 289725
15516357 0 292906
15753334 0 295892
15992515 0 299273
16217147 0 301806
16408811 0 303465
16618415 0 305114
16845137 0 308101
17079807 0 311834
17319964 0 315284
17568281 0 318226
17774123 0 321037
17961470 0 322749
18158290 0 324546
18364184 0 327844
18585551 0 331223
18798442 0 334145
18925760 0 335655
19143220 0 337563
19279174 0 339001
19452596 0 340878
19658440 0 344494
19876806 0 348427
20191989 0 351754
20371033 0 353996
20643258 0 356547
20846608 0 357984
21032204 0 359964
21264999 0 363568
21524822 0 367494
21811151 0 371520
22115322 0 375709
22380124 0 378965
22591004 0 381069
22794875 0 382906
23016601 0 387295
23245868 0 391313
23481471 0 395105
23726583 0 398917
23944221 0 402494
24120840 0 404485
24261584 0 406050
24418511 0 408450
24605923 0 412893
24798478 0 417030
24990283 0 420807
25168568 0 424363
25308756 0 426221
25438273 0 427991
25589270 0 431973
25744730 0 436101
25911505 0 439951
26075352 0 443550
26226330 0 446451
26339211 0 448408
26464454 0 450185
26581442 0 453718
26705794 0 457635
26830833 0 461519
26961913 0 465193
27078735 0 467930
27168178 0 469407
27250960 0 470858
27346179 0 473923
27441359 0 477330
27548157 0 480521
27648752 0 483405
27739553 0 485701
27807855 0 486899
27863210 0 487848
27922498 0 489492
27991320 0 491938
28063912 0 494545
28139107 0 497080
28212916 0 499013
28268191 0 500240
28323630 0 501441
28397482 0 503717
28472531 0 506981
28549814 0 509411
28625254 0 511566
28696577 0 513088
28748325 0 514195
28798730 0 515514
28857142 0 517447
28924184 0 520028
28993155 0 521980
29061062 0 523703
29122125 0 525234
29163741 0 525945
29207775 0 526650
29263267 0 528434
29321033 0 530006
29382813 0 531580
29445440 0 533011
29502321 0 533996
29541607 0 534528
29592519 0 535240
29646605 0 536501
29705897 0 537718
29768292 0 539366
29829947 0 540412
29888855 0 541189
29924232 0 541944
29971545 0 542507
30024425 0 543462
30112119 0 544956
30179762 0 546330
30256169 0 547503
30320326 0 548328
30366638 0 548791
30432325 0 549424
30494045 0 550331
30563583 0 551433
30640483 0 552551
30714550 0 553453
30779492 0 554224
30817399 0 554534
30884310 0 555015
30947207 0 555849
31022976 0 558455
31103119 0 559481
31187782 0 560390
31258481 0 561122
31305917 0 561410
31367939 0 561855
31448836 0 562735
31524451 0 563670
31598416 0 564574
31681932 0 565441
31737505 0 566151
31781340 0 566497
31839700 0 566984
31902207 0 567831
31966565 0 568723
32033304 0 569661
32096236 0 570415
32151278 0 571179
32185973 0 571479
32228184 0 571953
32280507 0 572626
32335712 0 573630
32394510 0 574515
32452623 0 575321
32501495 0 576065
32532062 0 576387
32576586 0 576865
32619462 0 577776
32665537 0 578594
32711737 0 579415
32760176 0 580231
32795890 0 580866
32818757 0 581124
32851054 0 581519
32886543 0 582207
32922692 0 583010
32961447 0 583798
33003669 0 584433
33034468 0 584963
33052173 0 585231
33077348 0 585622
33106256 0 586404
33135909 0 587085
33166134 0 587774
33194958 0 588397
33216212 0 588884
33229993 0 589080
33251817 0 589512
33276416 0 590159
33301040 0 591153
33327878 0 592499
33350122 0 593029
33363459 0 593381
33370825 0 593530
33377089 0 593702
33397883 0 594335
33414619 0 594897
33433014 0 595533
33450896 0 596057
33466507 0 596641
33472529 0 596804
33486592 0 597120
33499620 0 597440
33518177 0 597920
33532978 0 598339
33558127 0 598874
33567318 0 599150
33572587 0 599257
33584344 0 599442
33595089 0 599772
33606988 0 600160
33618751 0 600480
33639936 0 601086
33648994 0 601268
33653917 0 601344
33664443 0 601604
33675264 0 601950
33687925 0 602348
33702399 0 602691
33727003 0 603214
33736379 0 603370
33740999 0 603447
33754619 0 603593
33762085 0 603921
33777444 0 604224
33792561 0 604507
33822320 0 604941
33827737 0 605034
33832014 0 605075
33840919 0 605200
33863181 0 605501
33883353 0 605824
33904242 0 606067
33951822 0 606530
33961959 0 606616
33973712 0 606738
34003097 0 606967
34029647 0 607327
34060767 0 607655
34092748 0 607984
34170850 0 608439
34184963 0 608516
34205287 0 608603
34254095 0 608794
34293842 0 609082
34341574 0 609445
34398095 0 609731
34518892 0 610288
34547656 0 610414
34575613 0 610512
34654954 0 610773
34719932 0 611215
34793513 0 611592
34866060 0 611913
35057505 0 612793
35101447 0 612961
35146017 0 613186
35254248 0 613529
35352036 0 614105
35454441 0 614643
35564151 0 615161
35816041 0 616294
35879082 0 616549
35913941 0 616673
36073605 0 617194
36191398 0 618028
36345871 0 618818
36489904 0 619839
36716745 0 620888
36789853 0 621154
36836663 0 621358
37030815 0 622382
37181460 0 623406
37349055 0 624605
37504209 0 626381
37743360 0 627840
37835653 0 628404
37879854 0 628609
38087772 0 629940
38242261 0 631354
38421258 0 632893
38605072 0 635086
38843725 0 636818
38922780 0 637467
38974803 0 637777
39203628 0 639483
39383602 0 640902
39574089 0 642940
39753283 0 645931
39988672 0 647867
40074848 0 648516
40138446 0 648923
40232023 0 649547
40440792 0 651619
40617762 0 653889
40784144 0 657109
41026311 0 659587
41115711 0 660408
41164066 0 660778
41374628 0 662945
41519561 0 664835
41693175 0 667574
41851988 0 671026
42062889 0 673475
42138177 0 674453
42183014 0 674839
42354371 0 677147
42476122 0 679597
42607516 0 682278
42736666 0 685567
42911445 0 688041
42972288 0 688865
43026653 0 689432
43181915 0 691711
43294809 0 694213
43416254 0 696831
43526764 0 699635
43681514 0 701770
43730149 0 702593
43774909 0 703127
43917271 0 705050
44012542 0 706917
44124796 0 709569
44226313 0 712038
44357874 0 713839
44396957 0 714266
44436658 0 714742
44532214 0 715923
44642953 0 718218
44751444 0 721434
44838425 0 723601
44947953 0 725400
44988024 0 725946
45019673 0 726407
45118102 0 728179
45200155 0 730311
45291799 0 733485
45369812 0 735477
45465838 0 737335
45498454 0 737875
45517602 0 738128
45629739 0 739603
45696490 0 741188
45799018 0 743242
45874251 0 745086
45969338 0 746812
46003828 0 747184
46036283 0 747417
46149015 0 748699
46217789 0 749969
46303430 0 751928
46384899 0 753134
46481713 0 755267
46516974 0 755729
46553825 0 755927
46664001 0 757188
46742492 0 758610
46837600 0 760293
46895460 0 761165
47038857 0 763626
47083095 0 764186
47115017 0 764380
47248474 0 765694
47335874 0 767026
47448678 0 768670
47558716 0 770023
47685553 0 771816
47731186 0 772266
47770997 0 772480
47915174 0 773740
48006658 0 775116
48118048 0 776829
48157902 0 777300
48211118 0 777671
48237810 0 777982
48281009 0 778227
48466633 0 780162
48583889 0 781801
48721085 0 783858
48859989 0 787768
49018674 0 789343
49085300 0 790013
49140530 0 790400
49317808 0 791827
49431159 0 793393
49581151 0 795209
49705711 0 796774
49863878 0 798574
49920712 0 799174
49973046 0 799525
50158136 0 800938
50273275 0 802493
50416929 0 804741
50558750 0 806025
50751454 0 807879
50831224 0 808522
50920579 0 808817
51160283 0 810409
51339723 0 812356
51583455 0 816554
51853199 0 817942
52101937 0 818633
52188682 0 818862
52366988 0 819209
52867222 0 821000
53228997 0 823316
53730965 0 825671
54321539 0 827165
54835445 0 827877
55024405 0 828265
55310021 0 828642
56353960 0 830485
57165793 0 832793
57828317 0 834973
58662968 0 837006
59532669 0 839400
59930489 0 840207
60415679 0 840790
61797692 0 842826
62584114 0 845304
63433084 0 848104
64294792 0 850605
65174517 0 853336
65583812 0 854303
66063709 0 855037
66736359 0 856053
67865804 0 858747
68773919 0 862185
69506532 0 865051
70347617 0 868414
70651460 0 869374
71016688 0 870074
71936217 0 872265
72430323 0 875436
73055083 0 879245
73561374 0 881782
74175780 0 885872
74355127 0 887026
74553306 0 887479
75094240 0 890139
75420151 0 893471
75749528 0 897039
76024609 0 899452
76379876 0 903564
76466650 0 904429
76550227 0 904874
76895974 0 907960
77110845 0 910950
77299355 0 914379
77470794 0 917605
77680259 0 920286
77732314 0 921080
77790672 0 921629
77960564 0 924814
78071805 0 927412
78186693 0 930589
78288485 0 933477
78433772 0 935951
78465257 0 936590
78488282 0 937005
78571033 0 937890
78660514 0 940061
78745616 0 943149
78812640 0 946099
78887236 0 948130
78934671 0 948826
78950518 0 949018
79047371 0 951114
