0
0
0
0
0
0
0
0
0
0
0
0
0
0
0
0
0
0
0
0
0
0
0
0
0
0
0
0
0
0
0
0
0
0
0
0
0
0
0
0
0
0
0
0
0
0
0
0
0
0
0
0
0
0
0
0
0
0
0
0
0
0
0
0
0
0
0
0
0
0
0
0
0
0
0
0
0
0
0
0
0
0
0
0
0
0
0
0
0
0
0
0
0
0
0
0
0
0
0
0
0
0
0
0
0
0
0
0
0
0
0
0
0
0
0
0
0
0
0
0
0
0
0
0
0
0
0
0
0
0
0
0
0
0
0
0
0
0
0
0
0
0
0
0
0
0
0
0
0
0
0
0
0
0
0
0
0
0
0
0
0
0
0
0
0
0
0
0
0
0
0
0
0
0
0
0
0
0
0
0
0
0
0
0
0
0
0
0
0
0
0
0
0
0
0
0
0
0
0
0
0
0
0
0
0
0
0
0
0
0
0
0
0
0
0
0
0
0
0
0
0
0
0
0
0
0
0
0
0
0
0
0
0
0
0
0
0
0
0
0
0
0
0
0
0
0
0
0
0
0
0
0
0
0
0
0
0
0
0
0
0
0
0
0
0
0
0
0
0
0
0
0
0
0
0
0
0
0
0
0
0
0
0
0
0
0
0
0
0
0
0
0
0
0
0
0
0
0
0
0
0
0
0
0
0
0
0
0
0
0
0
0
0
0
0
0
0
0
0
0
0
0
0
0
0
0
5621
5740
6000
6472
7216
8425
9477
10178
11663
14530
17447
18540
18641
19606
20323
24482
29697
37438
40563
47249
50091
52533
98263
186658
358904
639590
1002766
1131330
1200855
1523314
1837592
2107931
2243589
2364073
2435967
2478008
2705704
3061980
3482739
3757338
3966727
4117393
4205697
4694980
5276774
5924865
6482825
6978788
7221305
7348534
7920965
8620371
9454918
10367674
11328351
11750272
11906957
12611562
13506743
14541893
15630746
16787363
17358201
17587111
18121394
18908476
19897417
20870974
21965718
22645481
22968444
23769712
24793917
26025932
27365185
28745825
29561591
29856080
30648641
31607696
32728620
33970707
35275641
36137292
36479811
37329839
38409257
39676338
41074067
42600934
43617305
44043335
44911401
45958797
47087704
48291019
49512990
50372096
50742926
51549017
52699701
54120987
55767180
57566066
58729265
59279818
60553204
62213119
64151041
66389328
68204098
69361514
69732563
71332840
73410785
75712920
78226809
80662721
82318144
83118129
84841006
86557881
88481743
90430259
92357739
93533530
94115365
95578730
97411799
99459749
101514012
103417038
104601808
105096965
106528706
108318175
110283991
112263079
114113909
115277670
115862317
117264048
119022224
120827179
122643762
124431520
125517589
125954709
127128036
128577900
130014333
131420120
132855576
133845368
134331099
135341089
136504256
137682507
138857497
140059711
140830040
141176569
141927063
142764444
143600965
144397893
145182796
145603413
145808177
145930115
146712217
147391497
148227502
149184105
149933683
150296340
151035253
151851246
152671415
153485455
154336935
154978246
155274113
155892881
156552640
157182377
157772392
158367678
158736769
158912528
159205175
159672893
160113564
160529913
160981387
161275862
161426128
161730632
162087574
162437860
162771570
163112405
163301040
163328328
163536846
163873712
164192358
164503103
164846923
165053539
165161324
165434264
165705190
165976812
166244610
166546832
166735576
166840981
167092442
167347946
167614481
167871435
168158403
168332333
168395274
168615935
168867027
169125470
169377912
169668361
169848427
169947462
170185989
170439575
170694786
170959078
171270379
171460200
171577894
171864555
172159373
172455161
172768418
173157708
173400235
173561794
173916044
174279688
174658525
175039555
175517958
175815095
175994387
176399357
176814189
177236356
177668933
178208451
178549037
178754516
179185435
179605883
180013893
180414609
180904378
181181741
181355027
181441869
181920310
182320986
182717309
183216308
183515982
183689274
184072049
184449237
184837666
185229039
185709884
185985194
186149849
186500619
186842852
187178709
187507482
187921333
188150537
188296228
188519701
188823810
189135651
189456150
189835071
190042525
190173067
190429939
190686792
190945761
191201743
191512038
191680324
191785233
192006327
192240348
192468931
192698181
192975780
193120273
193204640
193415903
193608560
193802913
193999947
194245791
194379484
194459926
194664240
194865192
195072125
195280735
195518536
195637607
195708071
195902927
196091211
196283142
196478018
196707390
196824943
196895457
197068264
197234269
197404369
197557785
197756976
197859825
197920416
198087338
198254224
198426423
198597636
198792603
198893397
198953418
199124506
199289944
199443346
199448386
199623443
199821038
199967482
200326775
200716297
201123276
201515711
202004577
202453782
202642660
202966904
203306632
203657322
203995273
204389104
204723985
204853013
205130597
205415770
205675243
205844302
206095215
206257483
206339121
206564631
206805901
207043389
207220337
207276671
207277562
207360514
207588753
207828278
208063330
208276133
208368699
208384387
208474296
208669291
208882081
209092816
209303316
209545854
209718684
209792824
209981187
210180798
210378777
210565542
210738489
210824975
210882361
211021541
211207496
211391246
211564783
211723125
211804600
211867958
212025637
212198266
212374192
212546055
212751980
212862116
212928251
213083575
213239481
213390165
213526768
213706778
213836408
213895446
214024116
214166046
214307481
214443246
214612125
214711599
214756442
214850602
214962376
215075058
215180790
215317824
215393162
215433625
215518907
215611114
215699414
215780502
215879404
215940116
215970222
216045615
