332915074
1 0 0
1 0 0
2 0 0
2 0 0
5 0 0
5 0 0
5 0 0
6 0 0
6 0 0
8 0 0
8 0 0
8 0 0
11 0 0
11 0 0
11 0 0
12 0 0
12 0 0
12 0 0
12 3 0
12 3 0
13 3 0
13 3 0
14 3 0
14 3 0
14 3 0
14 3 0
14 3 0
14 3 0
14 3 0
14 3 0
16 5 0
16 5 0
16 5 0
16 5 0
16 6 0
16 6 0
17 6 0
17 7 0
25 7 1
32 7 1
55 7 6
74 7 7
107 7 11
184 7 12
237 7 14
403 7 17
519 7 21
594 7 22
782 8 28
1147 8 33
1586 12 43
2219 12 51
2978 12 58
3212 12 70
4679 17 97
6512 17 134
9169 105 194
13663 121 266
20030 147 372
26025 176 475
34944 178 603
46096 178 790
56714 348 1033
68841 361 1366
86662 681 1783
105253 869 2305
127417 1072 3018
143544 2665 3573
165698 5644 4280
192079 7024 5359
224311 8474 6635
256541 9001 8146
289023 9707 9566
321199 14652 11172
350803 17448 12790
382661 19581 14523
413004 21763 17099
444153 23559 19250
480596 25410 21463
514943 28790 23649
544221 31270 25790
571093 32988 27679
598017 43482 29657
626412 47763 32132
652312 52096 34719
682268 54703 36908
715425 58545 39007
743419 64840 40951
769342 70337 42934
799022 72329 45179
825192 75204 47662
854611 77366 50119
887379 80203 52543
919531 99079 54712
950525 100372 56444
977072 106988 57850
1000822 111424 59330
1025512 115936 61571
1051732 120720 63962
1080974 153947 66154
1115995 164015 68063
1143819 175382 69804
1168311 180152 71007
1192024 187180 72365
1216353 189791 74586
1240616 189910 76905
1268273 195036 78822
1295545 198993 80594
1319991 212534 82058
1339139 216169 83059
1358173 232733 84093
1381016 230287 85684
1401592 243430 87416
1428124 246414 89197
1452945 250747 90862
1477178 268376 92060
1495976 272265 92891
1518110 283178 94110
1538871 289392 95555
1561593 294312 97052
1587399 298418 98246
1611018 350135 99450
1631997 361239 100524
1652588 366736 101165
1671241 379157 101762
1689817 384902 102418
1709224 391508 103896
1730870 399991 104985
1755605 406446 106103
1779689 416461 107053
1799143 444758 107674
1816108 458231 108445
1837391 463868 109428
1857162 479258 110437
1878885 485002 111443
1903886 491706 112321
1925184 500849 112958
1943597 506367 113415
1960101 518522 113926
1978193 524855 114840
1999261 533504 115716
2021643 540292 116532
2046969 547386 117355
2071941 556606 118077
2091361 561816 118424
2109883 576334 118825
2133722 583503 119612
2161111 592191 120360
2189426 599115 121058
2221123 606715 121684
2253736 617460 122257
2279925 622133 122574
2310898 640198 122952
2348120 647548 123691
2384352 656161 124446
2424721 663562 124994
2470931 670809 125620
2512668 679308 126116
2554530 685164 126437
2594172 705203 126806
2642484 720631 127365
2694051 729994 128063
2750399 781970 128802
2803019 790404 129479
2851965 894325 129781
2902403 906763 130103
2945204 924148 130474
3004062 936476 131616
3063785 953462 132457
3124660 969111 133488
3192438 983185 134304
3253809 995576 135058
3314493 1006326 135531
3372052 1031939 135966
3438491 1049098 136862
3506457 1075882 137827
3582496 1090645 138788
3654747 1107204 139703
3718544 1122720 140585
3779993 1131121 141061
3840205 1160087 141590
3905787 1182018 142686
3976172 1210849 143911
4044429 1233269 144997
4118578 1261624 146091
4185577 1279414 147060
4241733 1297863 147594
4297903 1325804 148694
4361597 1355363 149916
4429972 1389425 151356
4497938 1414155 152645
4566406 1438160 153828
4625538 1461885 154947
4671545 1468689 155404
4716829 1513446 155963
4771803 1528979 157218
4827686 1577851 158626
4884916 1598624 159807
4945980 1623870 161098
5001156 1643118 162185
5049293 1656864 162757
5094513 1670755 163274
5147113 1714960 164371
5199915 1753760 165886
5251444 1774648 166924
5316517 1796326 168233
5366173 1818527 169278
5406277 1833067 169886
5441939 1865580 170355
5484844 1898159 171578
5529107 1925049 172865
5573696 1947035 173972
5622485 1965056 175073
5666889 1985484 176052
5701455 1997761 176547
5736336 2020774 176989
5777263 2053699 178223
5821219 2084465 179401
5867207 2101326 180516
5913742 2118367 181457
5957983 2140614 182440
5992911 2153939 182889
6025525 2184825 183383
6068468 2202663 184444
6109110 2231757 185496
6153463 2266957 186527
6204152 2283454 187506
6247661 2302187 188326
6278711 2315995 188766
6302609 2333551 189086
6328298 2359111 189554
6362835 2387479 190659
6398733 2403511 191583
6446753 2417878 192739
6488441 2434658 193488
6522974 2451406 193888
6556141 2474570 194311
6595684 2495127 195513
6634558 2525573 196468
6679809 2540334 197334
6729031 2556465 198294
6771770 2577446 199005
6810687 2590671 199275
6861281 2615949 199688
6901442 2646959 200723
6940294 2670256 201788
6987769 2710183 202695
7036317 2727335 203610
7081247 2750459 204393
7119401 2766280 204705
7151850 2794608 205046
7195364 2813305 205948
7234443 2840688 206880
7280539 2860650 207796
7335670 2873369 208637
7386329 2897322 209323
7420961 2911699 209692
7459192 2935142 210174
7504411 2952390 210875
7555628 2999895 211794
7614543 3021252 212776
7671293 3039089 213749
7727033 3062983 214409
7773865 3075077 214876
7815597 3106728 215274
7866688 3124593 216051
7925990 3155794 217050
7991104 3177397 217895
8060226 3197539 218838
8117918 3220573 219658
8168908 3234138 220121
8235647 3272603 220611
8297344 3295148 221548
8360665 3323354 222722
8436890 3353056 223579
8519368 3375427 224529
8603096 3406656 225492
8665763 3422878 225950
8731739 3460455 226472
8808900 3487666 227483
8888168 3518140 228517
8979387 3554336 229520
9079478 3578452 230584
9170214 3612478 231515
9275859 3630579 232018
9359193 3674981 232575
9487028 3705130 234172
9591205 3743527 235292
9721222 3781751 236457
9849034 3810791 237671
9981159 3851465 238788
10096515 3881491 239351
10214562 3928845 240110
10354833 3961873 241526
10504321 3997175 242969
10666088 4051256 244173
10847214 4095146 245373
11019499 4148444 246746
11157412 4174884 247534
11316590 4244811 248348
11480754 4293640 250057
11654168 4350789 251999
11846068 4410709 254041
12047504 4457930 255990
12229538 4529700 257628
12376190 4526513 258689
12548137 4633600 259762
12725372 4696664 261898
12910266 4835956 264151
13028652 4871203 265554
13231674 4947446 267106
13390431 5023063 268464
13531272 5065030 269515
13686965 5146319 270827
13881000 5226581 273379
14085504 5322128 276209
14309662 5404018 279178
14544975 5470389 281790
14766884 5576026 284180
14946101 5624444 285583
15136250 5714557 287142
15367199 5786915 289725
15588335 5889896 292906
15823010 5985047 295892
16063267 6135314 299273
16285431 6246605 301806
16472135 6298082 303465
16672761 0 305114
16894810 0 308101
17135496 0 311834
17372722 0 315284
17621680 0 318226
17824251 0 320980
18009597 0 322749
18199313 0 324546
18401282 0 327844
18627062 0 331223
18831949 0 334145
18940634 0 335650
19159626 0 337563
19314620 0 339001
19481303 0 340878
19682998 0 344494
19905935 0 348427
20164045 0 351754
20330303 0 353948
20626182 0 356547
20829831 0 357984
21011477 0 359964
21242720 0 363568
21499587 0 367492
21788197 0 371520
22091658 0 375709
22351188 0 378965
22564561 0 381069
22775398 0 382905
22994299 0 387294
23224140 0 391312
23462183 0 395104
23709208 0 398916
23917841 0 402493
24094432 0 404484
24235515 0 406049
24399801 0 408450
24585195 0 412892
24777522 0 417029
24967050 0 420806
25141913 0 424362
25279747 0 426220
25421864 0 427989
25566645 0 431971
25721780 0 436099
25889216 0 439949
26055063 0 443548
26200746 0 446449
26316175 0 448406
26445543 0 450183
26559415 0 453716
26682527 0 457633
26806454 0 461517
26938113 0 465191
27049066 0 467928
27140949 0 469405
27225958 0 470856
27320553 0 473921
27416385 0 477328
27522688 0 480519
27622718 0 483403
27711572 0 485699
27777921 0 486897
27832564 0 487846
27891168 0 489490
27961237 0 491936
28032593 0 494543
28110778 0 497078
28184185 0 499011
28242081 0 500238
28296919 0 501439
28368933 0 503715
28443944 0 506979
28522002 0 509409
28600736 0 511564
28666801 0 513085
28718668 0 514192
28773156 0 515511
28830222 0 517444
28897371 0 520025
28965903 0 521977
29032768 0 523700
29092063 0 525231
29134129 0 525942
29178442 0 526647
29234248 0 528431
29292481 0 530003
29355377 0 531577
29417450 0 533008
29471042 0 534005
29509894 0 534537
29564662 0 535237
29619043 0 536498
29678531 0 537715
29739056 0 539363
29801121 0 540409
29858143 0 541182
29893121 0 541972
29942602 0 542505
29995901 0 543450
30083022 0 544985
30150998 0 546343
30228534 0 547511
30290757 0 548325
30337111 0 548775
30404408 0 549429
30465845 0 550354
30532817 0 551455
30612003 0 552578
30683852 0 553479
30748099 0 554250
30784748 0 554553
30857901 0 555010
30919044 0 555874
30994031 0 558468
31074283 0 559511
31158620 0 560421
31227914 0 561145
31274357 0 561430
31341315 0 561882
31420459 0 562759
31495775 0 563695
31569685 0 564600
31650062 0 565461
31704223 0 566169
31747105 0 566498
31813279 0 567002
31874199 0 567849
31938023 0 568738
32005013 0 569683
32067393 0 570445
32121586 0 571209
32155560 0 571503
32201220 0 571976
32251953 0 572652
32307046 0 573646
32365959 0 574539
32424119 0 575347
32470779 0 576092
32500841 0 576413
32549612 0 576886
32590411 0 577798
32636115 0 578611
32683070 0 579438
32731177 0 580262
32765696 0 580897
32787796 0 581136
32822948 0 581535
32857009 0 582235
32893202 0 583033
32931731 0 583823
32973594 0 584455
33003204 0 584984
33020645 0 585248
33048416 0 585642
33076213 0 586422
33105721 0 587106
33135565 0 587790
33164116 0 588425
33184690 0 588909
33198162 0 589099
33222606 0 589537
33245696 0 590184
33270229 0 591161
33297378 0 592516
33319301 0 593056
33331919 0 593406
33339095 0 593555
33345206 0 593717
33366702 0 594356
33383898 0 594920
33403002 0 595559
33420136 0 596086
33434741 0 596667
33440566 0 596831
33455396 0 597137
33468478 0 597468
33487467 0 597948
33501831 0 598366
33526665 0 598905
33535429 0 599181
33540693 0 599285
33552839 0 599465
33563739 0 599799
33576316 0 600182
33586939 0 600499
33608304 0 601113
33616985 0 601292
33621570 0 601365
33632906 0 601623
33643771 0 601974
33656929 0 602373
33670591 0 602713
33694926 0 603236
33703798 0 603396
33708180 0 603469
33722487 0 603615
33729270 0 603952
33745593 0 604247
33759971 0 604533
33789350 0 604968
33794249 0 605058
33798149 0 605099
33807058 0 605223
33830132 0 605523
33852766 0 605844
33871795 0 606092
33919286 0 606554
33928068 0 606640
33939423 0 606754
33972474 0 606985
33998866 0 607344
34032035 0 607676
34061943 0 608002
34139423 0 608360
34151818 0 608435
34172013 0 608613
34223404 0 608800
34263974 0 609092
34314558 0 609444
34369224 0 609738
34488619 0 610298
34514730 0 610420
34540868 0 610507
34625957 0 610767
34694699 0 611217
34764139 0 611598
34843429 0 611925
35031500 0 612798
35065721 0 612957
35109562 0 613173
35227314 0 613525
35330515 0 614109
35427187 0 614642
35538110 0 615146
35793407 0 616300
35844880 0 616552
35874206 0 616670
36050107 0 617168
36171317 0 618033
36327574 0 618812
36469771 0 619824
36699620 0 620880
36751449 0 621142
36795803 0 621327
37010574 0 622364
37163393 0 623392
37322021 0 624567
37479259 0 626348
37724945 0 627827
37794863 0 628379
37833873 0 628558
38065282 0 629919
38222408 0 631341
38391842 0 632831
38576288 0 635052
38819866 0 636775
38885182 0 637408
38930736 0 637697
39182745 0 639430
39354020 0 640873
39556273 0 642907
39731355 0 645860
39966949 0 647828
40041055 0 648463
40088390 0 648859
40168989 0 649458
40423787 0 651537
40606818 0 653815
40766938 0 657099
40995147 0 659529
41068775 0 660321
41111681 0 660657
41356207 0 662812
41502390 0 664739
41672968 0 667505
41828477 0 670966
42037348 0 673412
42101630 0 674376
42143832 0 674723
42332238 0 677008
42453894 0 679363
42587027 0 682208
42713501 0 685475
42890408 0 687959
42944437 0 688749
42994068 0 689298
43158735 0 691602
43270115 0 694162
43393533 0 696775
43503489 0 699572
43656367 0 701708
43701353 0 702500
43743131 0 702999
43894401 0 704958
43991780 0 706865
44102371 0 709495
44202917 0 711973
44329394 0 713807
44362232 0 714229
44399859 0 714697
44500500 0 715799
44606876 0 718151
44728452 0 721376
44814831 0 723517
44924628 0 725343
44960989 0 725869
44992921 0 726320
45095121 0 728064
45176069 0 730201
45267525 0 733404
45346422 0 735392
45441574 0 737287
45471716 0 737825
45489941 0 738067
45604243 0 739480
45672954 0 741096
45773850 0 743172
45851400 0 745014
45944979 0 746750
45977548 0 747110
46009248 0 747343
46123230 0 748593
46194344 0 749877
46278919 0 751844
46360749 0 753048
46456834 0 755171
46490890 0 755631
46526785 0 755816
46637388 0 757029
46717711 0 758513
46812731 0 760193
46869894 0 761048
47014797 0 763536
47057352 0 764090
47088445 0 764276
47225290 0 765544
47313135 0 766879
47424866 0 768558
47535215 0 769880
47661082 0 771682
47704782 0 772116
47743713 0 772310
47891418 0 773536
47984140 0 774896
48095786 0 776631
48130591 0 777085
48182676 0 777440
48208168 0 777732
48250316 0 777933
48443111 0 779831
48560598 0 781328
48699210 0 783329
48837648 0 787187
48991304 0 788771
49054924 0 789403
49104723 0 789676
49284505 0 790961
49397806 0 792601
49548683 0 794347
49670908 0 795794
49841640 0 797566
49896401 0 798063
49946958 0 798299
50134224 0 799592
50250282 0 801012
50394357 0 803189
50536043 0 804335
50728933 0 806072
50805294 0 806583
50892021 0 806749
51133980 0 808201
51312430 0 810045
51553481 0 812069
