0
0
0
0
0
0
0
0
0
0
0
0
0
0
0
0
0
0
0
0
0
0
0
0
0
0
0
0
0
0
0
0
0
0
0
0
0
0
0
0
0
0
0
0
0
0
0
0
0
0
0
0
0
0
0
0
0
0
0
0
0
0
0
0
0
0
0
0
0
0
0
0
0
0
0
0
0
0
0
0
0
0
0
0
0
0
0
0
0
0
0
0
0
0
0
0
0
0
0
0
0
0
0
0
0
0
0
0
0
0
0
0
0
0
0
0
0
0
0
0
0
0
0
0
0
0
0
0
0
0
0
0
0
0
0
0
0
0
0
0
0
0
0
0
0
0
0
0
0
0
0
0
0
0
0
0
0
0
0
0
0
0
0
0
0
0
0
0
0
0
0
0
0
0
0
0
0
0
0
0
0
0
0
0
0
0
0
0
0
0
0
0
0
0
0
0
0
0
0
0
0
0
0
0
0
0
0
0
0
0
0
0
0
0
0
0
0
0
0
0
0
0
0
0
0
0
0
0
0
0
0
0
0
0
0
0
0
0
0
0
0
0
0
0
0
0
0
0
0
0
0
0
0
0
0
0
0
0
0
0
0
0
0
0
0
0
0
0
0
0
0
0
0
0
0
0
0
0
0
0
0
0
0
0
0
0
0
0
0
0
0
0
0
0
0
0
0
0
0
0
0
0
0
0
0
0
0
0
0
0
0
0
0
0
0
0
0
0
0
0
0
0
0
0
0
0
4363
4462
4688
5116
5804
7001
8015
8751
10066
12577
15200
16302
16395
17141
17846
21505
26202
32843
35813
41586
44325
46685
91978
179587
351079
629521
989899
1118103
1186824
1507661
1821058
2090115
2224853
2344252
2415747
2457615
2683687
3035756
3452306
3723285
3930198
4079132
4166165
4649117
5223430
5862291
6410570
6896889
7136604
7261222
7824104
8512773
9336200
10237209
11183858
11601222
11755582
12452818
13336254
14358978
15433893
16579211
17147368
17375429
17905264
18683480
19662762
20624551
21709059
22381406
22698795
23489510
24497877
25710466
27026158
28379888
29181954
29470457
30246995
31190502
32303165
33529585
34817324
35670916
36012373
36855277
37927666
39185682
40570577
42080735
43092233
43516915
44378431
45415748
46530988
47725205
48933269
49784838
50153604
50947652
52082738
53488232
55113744
56894266
58046240
58591156
59850813
61492519
63414153
65627487
67425337
68574458
68943758
70527110
72585593
74872507
77362084
79768369
81405187
82198799
83901714
85596712
87500633
89429586
91337410
92501566
93074485
94521157
96337635
98365968
100397652
102276217
103450301
103940912
105354080
107124408
109072309
111029017
112854970
114002299
114579001
115964103
117700474
119482189
121266389
123020770
124093180
124524492
125675796
127103136
128521801
129905969
131319307
132297450
132777723
133771758
134917170
136078129
137232905
138412272
139170894
139512149
140247469
141068441
141887615
142664891
143432966
143845299
144045674
144164750
144929485
145594564
146413833
147347824
148081831
148436053
149158823
149958502
150762544
151557546
152391387
153019731
153310018
153914666
154559824
155176464
155753347
156335229
156697327
156869633
157154464
157612148
158042593
158449688
158888390
159176624
159323635
159620858
159970150
160313279
160638516
160972194
161157013
161183654
161387715
161715926
162025215
162326206
162661234
162863631
162969311
163233534
163495329
163757998
164016439
164308537
164493476
164596476
164839989
165088478
165347540
165596717
165874570
166044671
166106092
166320774
166564153
166815355
167060409
167343699
167519760
167615543
167847117
168094874
168344465
168603279
168907979
169093827
169208844
169489738
169778170
170068160
170375508
170757566
170995584
171154076
171501995
171858994
172230752
172604771
173073720
173364795
173540280
173937392
174343091
174756217
175179394
175706707
176039955
176241002
176661932
177073444
177471079
177862415
178340891
178611977
178781205
178865362
179334262
179726557
180114364
180603176
180896121
181065427
181440514
181810048
182190290
182573603
183043923
183313285
183474006
183816534
184150857
184478991
184799730
185203377
185427287
185569179
185786465
186083437
186386949
186696100
187061239
187262927
187389801
187637530
187887167
188138092
188383906
188685429
188849477
188951295
189166559
189392843
189614361
189835663
190104905
190245442
190327359
190532976
190720772
190909891
191101082
191340270
191471419
191549711
191749693
191947024
192149460
192352995
192585284
192701884
192770503
192960036
193143683
193330760
193518685
193741744
193856428
193924725
194092599
194254652
194420418
194569955
194763824
194863699
194922806
195085630
195248510
195415589
195581871
195771475
195869942
195928101
196093824
196253038
196399941
196404209
196572607
196763444
196905204
197250929
197623870
198012596
198386549
198847766
199273032
199451318
199758521
200080440
200412206
200729204
201099226
201410214
201530769
201790488
202055292
202296463
202450958
202679138
202827356
202902602
203099681
203299621
203466571
