10000000
0 0 0
0 0 0
0 0 0
1 0 0
1 0 0
2 0 0
2 0 0
3 0 0
4 0 0
5 0 0
7 0 0
8 0 0
10 1 0
12 1 0
14 1 0
17 1 0
20 2 0
24 2 0
29 3 0
34 3 0
41 4 0
48 5 0
57 6 0
67 8 0
78 9 0
92 11 0
107 13 0
125 16 0
146 18 1
170 22 1
197 26 1
227 30 1
262 36 1
302 42 1
346 49 1
396 57 2
452 67 2
515 77 2
585 90 3
662 104 3
749 120 3
844 138 4
950 159 4
1068 182 5
1199 208 6
1343 237 7
1505 270 8
1684 307 9
1885 348 10
2109 394 11
2362 446 13
2648 504 14
2971 568 16
3340 640 18
3761 720 21
4244 811 23
4801 912 26
5444 1026 30
6188 1154 33
7053 1300 38
8058 1465 42
9226 1652 48
10585 1866 54
12161 2110 61
13987 2389 69
16096 2711 78
18522 3080 89
21301 3505 101
24469 3994 115
28061 4558 131
32114 5207 149
36662 5953 170
41741 6809 195
47387 7789 222
53640 8908 254
60541 10183 289
68138 11631 330
76484 13271 376
85643 15121 429
95689 17204 488
106709 19541 554
118806 22157 628
132100 25078 712
146729 28332 806
162850 31950 910
180638 35968 1027
200277 40423 1158
221962 45359 1303
245877 50822 1464
272192 56867 1643
301036 63550 1842
332487 70935 2062
366553 79088 2304
403161 88081 2572
442156 97986 2867
483301 108875 3190
526294 120818 3544
570790 133879 3930
616425 148116 4349
662841 163574 4802
