10000000
0 0 0
0 0 0
1 0 0
1 0 0
2 0 0
3 0 0
4 0 0
6 0 0
7 0 0
10 0 0
13 1 0
16 1 0
20 1 0
26 1 0
32 2 0
40 3 0
50 3 0
63 5 0
78 6 0
97 7 0
120 10 0
149 12 0
184 15 0
227 19 0
280 24 1
345 30 1
424 37 1
521 46 1
640 57 1
785 71 2
963 87 2
1181 108 2
1449 133 3
1778 164 4
2181 202 5
2678 248 6
3289 305 7
4043 375 8
4973 460 10
6124 565 12
7550 695 15
9320 854 18
11523 1050 22
14272 1291 27
17709 1589 33
22017 1958 41
27427 2416 50
34230 2983 61
42797 3689 75
53594 4569 93
67208 5668 115
84376 7042 143
106023 8764 178
133307 10924 222
167671 13636 278
210903 17045 350
265190 21333 441
333147 26727 558
417801 33511 707
522483 42038 897
650592 52742 1139
805216 66147 1445
988620 82874 1831
1201695 103644 2314
1443476 129262 2914
1710894 160597 3650
1998857 198543 4545
2300687 243968 5620
2608816 297663 6895
2915595 360283 8388
3214022 432300 10113
3498274 513968 12080
3763990 605304 14294
4008318 706088 16754
4229785 815877 19454
4428069 934030 22382
4603734 1059748 25522
4757969 1192104 28853
4892363 1330094 32352
5008723 1472663 35992
5108936 1618747 39744
5194873 1767297 43581
5268317 1917307 47474
5330928 2067828 51396
5384212 2217981 55319
5429518 2366971 59219
5468032 2514086 63073
5500788 2658704 66863
5528678 2800286 70568
5552463 2938381 74176
5572790 3072614 77672
5590209 3202686 81047
5605180 3328365 84293
5618094 3449481 87402
5629278 3565919 90373
5639010 3677614 93201
5647521 3784542 95887
5655008 3886718 98430
5661634 3984186 100833
5667535 4077019 103098
