10000000
0 0 0
0 0 0
1 0 0
1 0 0
2 0 0
3 0 0
4 0 0
6 0 0
7 0 0
9 0 0
12 1 0
14 1 0
17 1 0
21 1 0
25 2 0
29 2 0
34 3 0
39 4 0
45 5 0
52 6 0
58 7 0
66 9 0
74 10 0
83 12 0
93 14 0
105 17 0
117 19 0
131 22 0
147 25 1
165 29 1
186 33 1
210 38 1
237 43 1
267 49 1
302 55 1
341 62 1
386 71 2
436 80 2
491 90 2
553 102 2
621 115 3
695 130 3
776 147 3
865 165 4
961 186 4
1065 210 5
1179 236 5
1302 265 6
1436 297 7
1584 332 7
1746 371 8
1926 414 9
2126 462 10
2352 514 11
2609 571 13
2904 635 14
3245 705 16
3644 783 18
4117 869 20
4682 966 22
5365 1074 24
6197 1197 27
7220 1337 30
8486 1498 34
10064 1684 39
12041 1902 44
14528 2160 49
17667 2466 56
21637 2835 65
26663 3283 75
33021 3830 87
41051 4503 101
51160 5336 120
63825 6371 142
79594 7662 170
99071 9274 205
122899 11289 248
151724 13803 302
186148 16934 370
226671 20815 454
273633 25604 558
327158 31471 687
387121 38607 844
453144 47210 1034
524627 57483 1263
600816 69628 1536
680893 83836 1859
764074 100282 2236
849697 119117 2671
937286 140469 3170
1026591 164435 3736
1117593 191089 4371
1210490 220480 5079
1305665 252638 5861
1403650 287581 6718
1505082 325320 7653
1610665 365866 8665
1721122 409237 9757
1837142 455460 10929
1959312 504577 12183
