0.814224646949241
0.806780742914636
0.792191483548436
0.771039424380946
0.744162824113084
0.712615094945734
0.677614172119323
0.640484494437049
0.602594661754666
0.565294036839536
0.529851577341549
0.497400019311365
0.46888819782163
0.445043803787754
0.426348268645793
0.413024776505129
0.405039667691378
0.402116761245319
0.403763429450624
0.409306644282068
0.417936717873075
0.428756103410731
0.440830427112467
0.453238894116016
0.465121349027711
0.475719563415449
0.484410746563251
0.490731803582952
0.494393462040416
0.495284016622015
0.49346306195431
0.489146158738928
0.482681873776755
0.474523021859294
0.465194195940685
0.455257789118892
0.445280684641423
0.435803624590091
0.42731497901179
0.420230247610636
0.414878164330081
0.411493773980301
0.410218344183084
0.411105499625922
0.41413255064018
0.419215661479462
0.426227286007209
0.435014202739276
0.445414511770635
0.457272108775827
0.470447413378363
0.48482348064186
0.500307039081577
0.516824445982881
0.534312998282841
0.552708452161616
0.57192995635319
0.591863866852893
0.612348064074049
0.63315842494965
0.653999007709868
0.674497290526656
0.694205479824601
0.712608490435256
0.729138724942659
0.743197275218932
0.754180669579441
0.7615118288596
0.764673506763712
0.763242202674326
0.756920371285531
0.745564727841196
0.729208566584371
0.708076270134221
0.682588576534613
0.653357667689573
0.62117171943016
0.586969175432796
0.55180363686143
0.516800857836228
0.483109865652392
0.45185064961042
0.424061154624171
0.400646454300127
0.382332950816848
0.369630253478083
0.362803032258531
0.361854644841126
0.366523722273153
0.376294203523374
0.390418572362326
0.407953313621224
0.427804913032818
0.44878411646525
0.469665676815564
0.489250479741462
0.506426773782738
0.520227247343297
0.529878894916516
0.534842987563916
0
0
0
0
0
0
0
0
0
0
0
0
0
0
0
0
0
0
0
0
0
0
0
0
0
0
0
0
0
0
0
0
0
0
0
0
0
0
0
0
0
0
0
0
0
0
0
0
0
0
0
0
0
0
0
0
0
0
0
0
0
0
0
0
0
0
0
0
0
0
0
0
0
0
0
0
0
0
0
0
0
0
0
0
0
0
0
0
0
0
0
0
0
0
0
0
0
0
0
0
0.857786470382178
0.854437984074542
0.847921133529063
0.838583731423788
0.826917359466459
0.813523765762584
0.799074116481116
0.784264165394355
0.769768694050732
0.756198603374129
0.744063802880772
0.733744565686678
0.725473334439372
0.719328129753448
0.715237794944199
0.712998381631776
0.712299113657788
0.712755630144457
0.713947660337935
0.715457965909555
0.716909324951537
0.717996529910176
0.718510812378984
0.71835475492975
0.717546551461553
0.716213368133603
0.714574464992294
0.71291559074923
0.711556891162467
0.710817116444326
0.710977231052723
0.712246594279219
0.71473468662612
0.718430920162671
0.723194425465341
0.728754904735957
0.734724744287619
0.740621661411256
0.745900294191958
0.74999039767624
0.752338745936046
0.75245150277586
0.749933741878171
0.74452297768933
0.736113998107142
0.724772936044311
0.710739329008001
0.69441583051346
0.676346182767725
0.657182962385243
0.637647399010377
0.618484178627895
0.60041453088216
0.584091032387619
0.570057425351309
0.558716363288478
0.55030738370629
0.544896619517449
0.54237885861976
0.542491615459574
0.54483996371938
0.548930067203661
0.554208699984364
0.560105617108001
0.566075456659663
0.571635935930279
0.576399441232949
0.5800956747695
0.582583767116401
0.583853130342897
0.584013244951294
0.583273470233153
0.58191477064639
0.580255896403326
0.578616993262017
0.577283809934067
0.57647560646587
0.576319549016636
0.576833831485444
0.577921036444083
0.579372395486065
0.580882701057685
0.582074731251163
0.582531247737831
0.581831979763843
0.579592566451421
0.575502231642172
0.569357026956248
0.561085795708941
0.550766558514848
0.538631758021491
0.525061667344887
0.510566196001264
0.495756244914504
0.481306595633036
0.467913001929161
0.456246629971832
0.446909227866556
0.440392377321078
0.437043891013442
1
1
1
1
1
1
1
1
1
1
1
1
1
1
1
1
1
1
1
1
1
1
1
1
1
1
1
1
1
1
1
1
1
1
1
1
1
1
1
1
1
1
1
1
1
1
1
1
1
1
1
1
1
1
1
1
1
1
1
1
1
1
1
1
1
1
1
1
1
1
1
1
1
1
1
1
1
1
1
1
1
1
1
1
1
1
1
1
1
1
1
1
1
1
1
1
1
1
1
1
1
1
1
1
1
1
1
1
1
1
1
1
1
1
1
1
1
1
1
1
1
1
1
1
1
1
1
1
1
1
1
1
1
1
1
1
1
1
1
1
1
1
1
1
1
1
1
1
1
1
1
1
1
1
1
1
1
1
1
1
1
1
1
1
1
1
1
1
1
1
1
1
1
1
1
1
1
1
1
1
1
1
1
1
1
1
1
1
1
1
1
1
1
1
1
1
1
1
1
1
3
2
6
6
4
10
0.3
0.8
0.75
0.02
14
