0.684585189610432
0.668019335119771
0.635774183542164
0.589573832230129
0.531884667788769
0.465779288931785
0.394767318543983
0.322602682185028
0.253078237400058
0.189819316394557
0.136087756408176
0.0946073391480358
0.0674202835088587
0.0557826115125505
0.0601039446635385
0.0799347206267454
0.114001099322746
0.160285112358088
0.216145057999441
0.278468902832998
0.343851648699238
0.40878636058674
0.469857896487939
0.523928365974088
0.568303964648904
0.60087404356377
0.620214998539599
0.625653697027683
0.617287569659311
0.595961035071975
0.563200448923554
0.521112123130606
0.472250012972662
0.419461301253498
0.365719230195209
0.313953084761428
0.266885191987051
0.226884181668325
0.195842600999828
0.175085367259165
0.165313582409049
0.166586044987739
0.178338513129687
0.199438536630425
0.228271619205459
0.262852714939299
0.300955705572598
0.340252621872118
0.378454006827643
0.413441982380861
0.443388253779706
0.466850414657887
0.48284142266669
0.490868899262691
0.490942852215689
0.483552401917244
0.469613989052584
0.450395235784241
0.42742002423898
0.402361364623434
0.376929196094772
0.352760370494573
0.331317715824641
0.31380429547561
0.301097829704358
0.293708808928266
0.291764202013207
0.295016955040494
0.302879798359569
0.314480339373892
0.328733111961498
0.344423260365786
0.360295913789381
0.375145090686788
0.387896164961388
0.397676509201274
0.403869856939872
0.406151129175838
0.404499865483333
0.399191891168573
0.390770338407561
0.379998522264109
0.367798361338766
0.355178951067302
0.343160487897849
0.332698969827098
0.324616952797911
0.31954513803559
0.317878741130686
0.319751509194309
0.32502898422103
0.333321247029976
0.344014010611054
0.356315657526732
0.369316719483516
0.382057451957528
0.393598619029752
0.40309040839987
0.409834555535045
0.413335256604337
0
0
0
0
0
0
0
0
0
0
0
0
0
0
0
0
0
0
0
0
0
0
0
0
0
0
0
0
0
0
0
0
0
0
0
0
0
0
0
0
0
0
0
0
0
0
0
0
0
0
0
0
0
0
0
0
0
0
0
0
0
0
0
0
0
0
0
0
0
0
0
0
0
0
0
0
0
0
0
0
0
0
0
0
0
0
0
0
0
0
0
0
0
0
0
0
0
0
0
0
0.945934710298178
0.932534741575684
0.906624980228962
0.869919556974033
0.824829240086521
0.774282871818
0.721511356818406
0.66981086714133
0.62230348687527
0.581713649489671
0.550177414569253
0.529098993057108
0.519065171707695
0.519823706661333
0.530326715910518
0.548834999677091
0.573074459212473
0.600431743325901
0.628173245609232
0.653669838847977
0.674609400359113
0.6891802752438
0.696211252825113
0.69525719803225
0.686623897272806
0.671330593299032
0.651013702664333
0.627779931877035
0.60402105782622
0.582205692199099
0.564665165945554
0.553391104930662
0.5498612887074
0.554908070760756
0.568640177077766
0.59042436856848
0.618928599208211
0.652223314998003
0.687932818807858
0.723424551496074
0.756021037565089
0.783217363642019
0.802886552389234
0.813456105509993
0.814041246642276
0.804523819884073
0.785570120768654
0.758585810130527
0.725611099315886
0.689164195730359
0.652045177189019
0.617115687169692
0.587071851617407
0.564228448377077
0.550331558917673
0.546414758733966
0.552710526728854
0.56862423983194
0.592773206813367
0.62308807242433
0.656968994658868
0.69148465431477
0.72359874162746
0.750406350977804
0.769361878316211
0.778480625077811
0.776498320893893
0.762976028650192
0.738342134473437
0.703868018995228
0.661579169899334
0.614108523083795
0.564503315288207
0.516000341289953
0.471786950256255
0.434766197397534
0.407344204976004
0.39125601125097
0.387443138890101
0.395992037781148
0.416137774085612
0.446332226200176
0.484371012813845
0.527568815617265
0.572969028505281
0.617571058900692
0.658557328109562
0.693502163813255
0.72054633315618
0.738523801872729
0.747031194475786
0.746435060477784
0.737817051432984
0.722862084022066
0.703699109224214
0.682707865165865
0.662307663129147
0.644745631074604
0.631901809269026
0.625127062849643
1
1
1
1
1
1
1
1
1
1
1
1
1
1
1
1
1
1
1
1
1
1
1
1
1
1
1
1
1
1
1
1
1
1
1
1
1
1
1
1
1
1
1
1
1
1
1
1
1
1
1
1
1
1
1
1
1
1
1
1
1
1
1
1
1
1
1
1
1
1
1
1
1
1
1
1
1
1
1
1
1
1
1
1
1
1
1
1
1
1
1
1
1
1
1
1
1
1
1
1
1
1
1
1
1
1
1
1
1
1
1
1
1
1
1
1
1
1
1
1
1
1
1
1
1
1
1
1
1
1
1
1
1
1
1
1
1
1
1
1
1
1
1
1
1
1
1
1
1
1
1
1
1
1
1
1
1
1
1
1
1
1
1
1
1
1
1
1
1
1
1
1
1
1
1
1
1
1
1
1
1
1
1
1
1
1
1
1
1
1
1
1
1
1
1
1
1
1
1
1
3
2
6
6
4
10
0.3
0.8
0.75
0.02
14
