10000000
0 0 0
0 0 0
1 0 0
1 0 0
2 0 0
3 0 0
4 0 0
5 0 0
6 0 0
7 0 0
8 0 0
9 1 0
10 1 0
11 1 0
12 1 0
13 2 0
14 2 0
15 2 0
16 3 0
17 3 0
18 4 0
19 4 0
21 5 0
22 5 0
24 6 0
27 7 0
29 7 0
32 8 0
35 9 0
39 10 0
43 11 0
47 12 0
51 13 0
55 14 0
59 15 0
64 17 0
68 18 0
73 20 0
77 22 0
82 24 1
88 26 1
94 28 1
101 30 1
108 33 1
117 35 1
128 38 1
141 41 1
155 45 1
173 48 1
193 52 1
215 56 1
241 61 1
269 66 1
299 72 2
330 79 2
363 87 2
396 95 2
428 104 2
459 115 3
490 126 3
520 138 3
551 151 3
581 165 4
613 180 4
646 196 4
683 212 5
724 229 5
769 248 6
821 267 6
879 287 7
945 308 7
1020 331 8
1103 355 8
1195 380 9
1297 408 9
1407 437 10
1526 469 11
1652 504 11
1785 542 12
1926 582 13
2075 627 14
2232 675 15
2400 726 16
2583 782 18
2783 843 19
3006 908 20
3258 978 22
3546 1054 24
3877 1136 26
4261 1225 28
4704 1322 30
5214 1428 32
5796 1546 35
6452 1676 38
7178 1820 41
7969 1981 44
8811 2160 48
9689 2360 53
10586 2583 58
11484 2831 63
