0.897642481654582
0.884814892735182
0.859860247280174
0.824134007595015
0.779558657696597
0.728499831731975
0.673615384538596
0.617688196596421
0.563454574769319
0.513440284195112
0.469815517382823
0.434278535900866
0.407975434800683
0.391460661710382
0.384699793309319
0.387112876418375
0.397653627470909
0.414917184898457
0.437267121980782
0.462971201317678
0.490334973506786
0.517822811383821
0.544157277931699
0.5683897367094
0.58993765918504
0.60858695301052
0.624460593925329
0.637957650960571
0.649669223021935
0.660279659753024
0.670462573257974
0.680781471398385
0.691604335694752
0.703040172832917
0.714903597835533
0.726711023570005
0.737709241579828
0.746934314402729
0.753295997048843
0.755680589740352
0.753063388883026
0.744620895313796
0.729832746195483
0.708563981584949
0.6811196928102
0.648266217005488
0.611215674296637
0.571573582346945
0.531252292329389
0.492355828592572
0.45704415106388
0.427386695002391
0.40521612388255
0.391993463787105
0.388695144344382
0.395730993881553
0.412900033287681
0.439388150304561
0.473808624919708
0.51428325716163
0.558558770624016
0.604150468361005
0.648503013541546
0.689156861142475
0.723908386158831
0.750952178385601
0.76899527348731
0.777335166437274
0.775896147624474
0.765221607056965
0.746423229287593
0.721091198869763
0.691172407725209
0.658825981868619
0.626267048442051
0.595610424568357
0.56872577270262
0.547114748588487
0.531818851930449
0.523364222658564
0.521746703573351
0.526457344202327
0.536545398175485
0.550713011414832
0.567433432566458
0.585082882167813
0.602075320773283
0.61698932246101
0.628677083895254
0.636347207458776
0.639615154966199
0.638517990203145
0.633492992109503
0.625322685794742
0.615051566782239
0.603882066159501
0.593058939527211
0.583752131696299
0.576948205139007
0.573359623894934
0
0
0
0
0
0
0
0
0
0
0
0
0
0
0
0
0
0
0
0
0
0
0
0
0
0
0
0
0
0
0
0
0
0
0
0
0
0
0
0
0
0
0
0
0
0
0
0
0
0
0
0
0
0
0
0
0
0
0
0
0
0
0
0
0
0
0
0
0
0
0
0
0
0
0
0
0
0
0
0
0
0
0
0
0
0
0
0
0
0
0
0
0
0
0
0
0
0
0
0
0.844834683421453
0.837683029207094
0.823629508888334
0.803163262060443
0.77699237898219
0.746014458270368
0.711279452880541
0.673946478938938
0.635236528453271
0.596383202713433
0.558583660257311
0.522951948269148
0.490476760685384
0.461985446355774
0.438115787054121
0.419296692601347
0.405738536736473
0.397433402905894
0.394165045498205
0.395527921255709
0.400954228980716
0.409747532852602
0.421121252664666
0.434240096611475
0.448262398349952
0.462381304829961
0.475862844993757
0.488079087277713
0.498534856794765
0.506886817945251
0.512954118388725
0.516720216589809
0.518325956629223
0.518054389085267
0.516308244359606
0.513581325066795
0.510425379611112
0.507414235616277
0.505107099114653
0.504012957379668
0.504557958694361
0.507057484601221
0.511694387227838
0.518504548234978
0.527370542452272
0.538023776809584
0.550055044090607
0.562933002583442
0.576029688002923
0.588651803073138
0.600076230716798
0.609587993731594
0.616518748251626
0.620283857038921
0.620416143971054
0.616594580518652
0.608666391477858
0.596661379416803
0.580797640179396
0.561478257345719
0.539279001642357
0.514927500653786
0.489274763422503
0.463260323182325
0.437872581006592
0.414106177851694
0.392918380203087
0.375186527331674
0.361668552660193
0.352968459281554
0.349508406308857
0.351508758916428
0.358977085004183
0.371706662955057
0.389284617906258
0.411109349689275
0.43641647587435
0.464312109291991
0.493811940436329
0.523884318113314
0.553495329990209
0.581653787669636
0.60745402336432
0.630114507237753
0.649010491280564
0.663699167941514
0.673936186244881
0.67968277794918
0.681103191915008
0.67855259499833
0.672556050499964
0.663779608850221
0.652994919531999
0.641039080335469
0.628771665189201
0.617031004235723
0.606591823156593
0.598126281384733
0.592170283970438
0.589096687359854
1
1
1
1
1
1
1
1
1
1
1
1
1
1
1
1
1
1
1
1
1
1
1
1
1
1
1
1
1
1
1
1
1
1
1
1
1
1
1
1
1
1
1
1
1
1
1
1
1
1
1
1
1
1
1
1
1
1
1
1
1
1
1
1
1
1
1
1
1
1
1
1
1
1
1
1
1
1
1
1
1
1
1
1
1
1
1
1
1
1
1
1
1
1
1
1
1
1
1
1
1
1
1
1
1
1
1
1
1
1
1
1
1
1
1
1
1
1
1
1
1
1
1
1
1
1
1
1
1
1
1
1
1
1
1
1
1
1
1
1
1
1
1
1
1
1
1
1
1
1
1
1
1
1
1
1
1
1
1
1
1
1
1
1
1
1
1
1
1
1
1
1
1
1
1
1
1
1
1
1
1
1
1
1
1
1
1
1
1
1
1
1
1
1
1
1
1
1
1
1
3
2
6
6
4
10
0.3
0.8
0.75
0.02
14
