10000000
0 0 0
0 0 0
1 0 0
1 0 0
2 0 0
3 0 0
4 0 0
5 0 0
6 0 0
8 0 0
9 0 0
11 1 0
13 1 0
15 1 0
18 2 0
20 2 0
23 2 0
26 3 0
29 4 0
33 4 0
38 5 0
45 6 0
54 7 0
67 9 0
85 10 0
113 12 0
152 14 1
207 17 1
283 21 1
384 26 1
516 33 1
681 42 2
884 54 2
1127 71 3
1411 93 4
1740 121 5
2115 157 6
2541 201 7
3024 257 9
3574 324 11
4203 405 14
4930 501 17
5778 615 21
6778 750 25
7972 909 31
9418 1095 37
11191 1313 45
13401 1570 54
16193 1874 65
19766 2236 78
24380 2670 95
30362 3195 116
38106 3836 141
48058 4628 173
60699 5612 212
76519 6845 261
96002 8395 321
119625 10345 395
147884 12792 485
181337 15850 594
220663 19650 725
266719 24340 882
320571 30086 1069
383503 37081 1290
456962 45541 1552
542451 55718 1860
641348 67899 2222
754664 82413 2647
882759 99630 3147
1025080 119954 3733
1179996 143817 4420
1344797 171654 5224
1515913 203887 6162
1689319 240888 7252
1861062 282958 8511
2027789 330295 9957
2187156 382985 11602
2338064 440991 13459
2480677 504161 15532
2616242 572248 17825
2746750 644934 20335
2874495 721859 23054
3001592 802652 25971
3129520 886958 29069
3258774 974449 32330
3388685 1064839 35733
3517472 1157871 39254
3642533 1253313 42870
3760914 1350929 46556
3869861 1450464 50289
3967296 1551623 54045
4052109 1654064 57802
4124198 1757391 61539
4184300 1861168 65236
4233695 1964931 68877
4273903 2068205 72445
4306446 2170525 75926
4332705 2271450 79308
4353865 2370577 82581
4370910 2467544 85737
