0.626751675611922
0.612431002592888
0.584799251734279
0.545799979532175
0.498165245091164
0.445211493409949
0.39059243818587
0.338027877023309
0.291029178699303
0.25264238171113
0.225228422505069
0.210297083686671
0.208407047614567
0.219139288751047
0.241145341943387
0.272266188077435
0.309712054757228
0.350288760817224
0.390652701044866
0.427574443280476
0.458190355110144
0.480222729600574
0.492151451073163
0.49332412630685
0.483996495205367
0.465300441613396
0.439142616203036
0.408042112723409
0.374920381984862
0.342860255576755
0.314853298418714
0.293555536952469
0.281070859152371
0.278779118794536
0.287222383441346
0.306058131018855
0.334082892149537
0.369324274556769
0.409193930197476
0.450689257364636
0.490627841455992
0.525896123446647
0.55369273686373
0.571747448492136
0.578498629537609
0.5732155091406
0.556055853128026
0.528054816966462
0.491046137412554
0.447522124087267
0.400443673165976
0.353015377810892
0.308443454596263
0.269695439557927
0.239280341659976
0.219066204532752
0.210148964696768
0.212782355800879
0.226373727335019
0.249545413674814
0.280256121940304
0.315972114482484
0.35387411354849
0.391083152530423
0.424887248286085
0.452950871689461
0.47349073198713
0.485404233512238
0.488340876236435
0.482711535651647
0.469635595223821
0.45083091070109
0.428456158839316
0.404918899020409
0.382665355639848
0.363969302047877
0.350737388916595
0.344346820489563
0.345528563085378
0.354305495690432
0.369990390789885
0.391243712144038
0.416186331847385
0.442557796024438
0.467907067053372
0.489800037361553
0.506026755928912
0.514791340490691
0.514868960993289
0.505716956799871
0.487530873419676
0.461240672082363
0.4284472156413
0.391303975003034
0.352353340660412
0.314330605709413
0.279951313153777
0.251699019828447
0.231630512630557
0.221214121641322
0
0
0
0
0
0
0
0
0
0
0
0
0
0
0
0
0
0
0
0
0
0
0
0
0
0
0
0
0
0
0
0
0
0
0
0
0
0
0
0
0
0
0
0
0
0
0
0
0
0
0
0
0
0
0
0
0
0
0
0
0
0
0
0
0
0
0
0
0
0
0
0
0
0
0
0
0
0
0
0
0
0
0
0
0
0
0
0
0
0
0
0
0
0
0
0
0
0
0
0
0.872201596908683
0.869898507293259
0.865373371454739
0.858785405712762
0.850366360071363
0.840412309970099
0.829273169808928
0.817340299733339
0.805032644712895
0.7927818969401
0.781017207175293
0.770149986641628
0.760559337865845
0.752578630579375
0.746483698229423
0.74248307323831
0.740710606925168
0.741220735525747
0.743986560006276
0.748900807686799
0.755779641599392
0.764369182623804
0.774354513341121
0.785370844629525
0.797016449409559
0.808866905343785
0.820490141924902
0.831461758890183
0.84138007328781
0.849880362132981
0.856647796087908
0.861428605970649
0.864039086500275
0.864372118302555
0.862400977116878
0.858180295247106
0.851844141181943
0.843601285400419
0.833727820058655
0.822557393993886
0.810469408960107
0.797875595233868
0.785205442140188
0.772890999613402
0.761351589189018
0.750978966030945
0.742123457620216
0.735081570132445
0.730085501537629
0.727294932909181
0.726791388722359
0.728575365914484
0.732566333394515
0.738605602002493
0.746461963232208
0.755839896945685
0.766390057300283
0.777721665402477
0.789416369655678
0.801043082775789
0.81217326984933
0.822396145830701
0.831333244083441
0.838651839851581
0.844076753112049
0.847400112670471
0.84848873558693
0.847288860496549
0.843828067129607
0.838214314016449
0.830632128452407
0.821336083680897
0.810641794354732
0.798914749252286
0.786557376841743
0.77399480188926
0.761659797677634
0.749977466898311
0.739350193891836
0.730143401299567
0.722672615693192
0.717192300377815
0.713886850961777
0.712864072669694
0.714151370458688
0.717694786895769
0.723360921871448
0.730941666134642
0.740161580953364
0.750687662465839
0.762141144808352
0.774110923881906
0.786168126208343
0.797881306761734
0.808831737379547
0.818628244149831
0.826921068148877
0.833414258502648
0.837876158738975
0.840147614944124
1
1
1
1
1
1
1
1
1
1
1
1
1
1
1
1
1
1
1
1
1
1
1
1
1
1
1
1
1
1
1
1
1
1
1
1
1
1
1
1
1
1
1
1
1
1
1
1
1
1
1
1
1
1
1
1
1
1
1
1
1
1
1
1
1
1
1
1
1
1
1
1
1
1
1
1
1
1
1
1
1
1
1
1
1
1
1
1
1
1
1
1
1
1
1
1
1
1
1
1
1
1
1
1
1
1
1
1
1
1
1
1
1
1
1
1
1
1
1
1
1
1
1
1
1
1
1
1
1
1
1
1
1
1
1
1
1
1
1
1
1
1
1
1
1
1
1
1
1
1
1
1
1
1
1
1
1
1
1
1
1
1
1
1
1
1
1
1
1
1
1
1
1
1
1
1
1
1
1
1
1
1
1
1
1
1
1
1
1
1
1
1
1
1
1
1
1
1
1
1
3
2
6
6
4
10
0.3
0.8
0.75
0.02
14
