0.583741796739272
0.581908010502292
0.578305670750796
0.573062277899171
0.566361811264276
0.558436392269457
0.549555796620343
0.540015314576193
0.530122536598426
0.520183692076204
0.510490189090915
0.501305992322367
0.492856434752998
0.485318988798109
0.478816427261835
0.473412688684415
0.469111630792158
0.465858716195299
0.463545532927155
0.462016915701429
0.461080308469895
0.460516901025127
0.460093987205659
0.459577933824616
0.458747120568694
0.457404213188145
0.45538716521437
0.452578405607183
0.448911758146272
0.444376748773176
0.439020084133839
0.432944222137401
0.426303096796525
0.419295198122891
0.412154336734248
0.405138535865514
0.398517585207949
0.392559856995196
0.387519021820782
0.383621308009355
0.381053923655013
0.379955205861524
0.380406979887283
0.38242950574197
0.385979266355634
0.390949715678591
0.397174963501561
0.40443623321978
0.412470795965129
0.420982965886364
0.429656642578269
0.438168812499504
0.446203375244853
0.453464644963072
0.459689892786042
0.464660342108999
0.468210102722663
0.470232628577351
0.470684402603109
0.46958568480962
0.467018300455278
0.463120586643851
0.458079751469438
0.452122023256684
0.445501072599119
0.438485271730385
0.431344410341742
0.424336511668109
0.417695386327232
0.411619524330795
0.406262859691457
0.401727850318361
0.398061202857451
0.395252443250263
0.393235395276488
0.39189248789594
0.391061674640018
0.390545621258975
0.390122707439506
0.389559299994739
0.388622692763204
0.387094075537478
0.384780892269334
0.381527977672476
0.377226919780219
0.371823181202798
0.365320619666524
0.357783173711635
0.349333616142266
0.340149419373719
0.330455916388429
0.320517071866208
0.31062429388844
0.30108381184429
0.292203216195176
0.284277797200357
0.277577330565463
0.272333937713837
0.268731597962341
0.266897811725361
0
0
0
0
0
0
0
0
0
0
0
0
0
0
0
0
0
0
0
0
0
0
0
0
0
0
0
0
0
0
0
0
0
0
0
0
0
0
0
0
0
0
0
0
0
0
0
0
0
0
0
0
0
0
0
0
0
0
0
0
0
0
0
0
0
0
0
0
0
0
0
0
0
0
0
0
0
0
0
0
0
0
0
0
0
0
0
0
0
0
0
0
0
0
0
0
0
0
0
0
0.369791488621857
0.36807740624508
0.364733727188291
0.359924936750629
0.353886800386821
0.346913901543495
0.339344136506799
0.33154103406732
0.323874885129253
0.316703727268936
0.310355228448524
0.305110453015184
0.301190375764546
0.298745843560253
0.297851479001632
0.298503789387892
0.300623500686937
0.304061894949408
0.308610704916064
0.314014924615964
0.319987740781695
0.326226685554546
0.332430061749887
0.338312700017263
0.343620171161724
0.348140691897949
0.351714120525186
0.354237630026835
0.355667857622307
0.356019548442089
0.355360923119229
0.35380619165248
0.35150579726946
0.34863509469813
0.345382240436554
0.341936094588458
0.33847490420002
0.33515645967746
0.332110294745089
0.329432345141566
0.32718230255551
0.325383710255814
0.324026658151547
0.323072760061744
0.322461946191699
0.322120488836964
0.321969606426224
0.321933964588431
0.32194941429737
0.321969374437815
0.321969374437815
0.32194941429737
0.321933964588431
0.321969606426224
0.322120488836964
0.322461946191699
0.323072760061744
0.324026658151547
0.325383710255814
0.32718230255551
0.329432345141566
0.332110294745089
0.33515645967746
0.33847490420002
0.341936094588458
0.345382240436554
0.34863509469813
0.35150579726946
0.353806191652479
0.355360923119229
0.356019548442089
0.355667857622307
0.354237630026835
0.351714120525186
0.348140691897949
0.343620171161724
0.338312700017263
0.332430061749887
0.326226685554546
0.319987740781695
0.314014924615964
0.308610704916064
0.304061894949408
0.300623500686937
0.298503789387892
0.297851479001632
0.298745843560253
0.301190375764546
0.305110453015184
0.310355228448524
0.316703727268936
0.323874885129253
0.33154103406732
0.339344136506799
0.346913901543494
0.353886800386821
0.359924936750629
0.364733727188291
0.36807740624508
0.369791488621857
1
1
1
1
1
1
1
1
1
1
1
1
1
1
1
1
1
1
1
1
1
1
1
1
1
1
1
1
1
1
1
1
1
1
1
1
1
1
1
1
1
1
1
1
1
1
1
1
1
1
1
1
1
1
1
1
1
1
1
1
1
1
1
1
1
1
1
1
1
1
1
1
1
1
1
1
1
1
1
1
1
1
1
1
1
1
1
1
1
1
1
1
1
1
1
1
1
1
1
1
1
1
1
1
1
1
1
1
1
1
1
1
1
1
1
1
1
1
1
1
1
1
1
1
1
1
1
1
1
1
1
1
1
1
1
1
1
1
1
1
1
1
1
1
1
1
1
1
1
1
1
1
1
1
1
1
1
1
1
1
1
1
1
1
1
1
1
1
1
1
1
1
1
1
1
1
1
1
1
1
1
1
1
1
1
1
1
1
1
1
1
1
1
1
1
1
1
1
1
1
3
2
6
6
4
10
0.3
0.8
0.75
0.02
14
