0.661162378752989
0.659573967826355
0.656474625285717
0.652014549541493
0.646407436170024
0.639917372508597
0.632842670442021
0.625497650849735
0.61819352132229
0.611219545183633
0.604825681028891
0.599207779092637
0.594496259639957
0.590748979348919
0.587948728105637
0.586005507324038
0.584763440137999
0.584011872493599
0.583499960600219
0.582953820943343
0.582095157896768
0.580660191024742
0.578417685275815
0.575184943626719
0.570840749794938
0.565334440355545
0.558690528924214
0.551008584713485
0.542458366160817
0.533270508713648
0.523723345487864
0.514126682818989
0.504803544409968
0.496071025798465
0.488221457173373
0.481505053623557
0.476115138889022
0.472176867446733
0.469740150427911
0.468777227209052
0.469185033108043
0.47079221275658
0.473370337311289
0.476648620015553
0.480331205294828
0.484115945338351
0.487713485117259
0.490865457854109
0.493360649278725
0.495048117038929
0.495846443334967
0.495748542166121
0.494821722226545
0.493203004892088
0.491089995149426
0.488727882982306
0.486393396073847
0.484376716418236
0.482962501512042
0.482411207167446
0.482941890115112
0.484717575629905
0.487834114258257
0.49231323247894
0.498100218566441
0.505066393610353
0.513016216881209
0.521698583422812
0.530821608199588
0.540069971896643
0.549123742337362
0.557677492575511
0.565458517875682
0.572243010204199
0.577869176970046
0.582246482534382
0.585360434399855
0.587272615706178
0.588115964122959
0.588085595692996
0.587425751887615
0.58641369151689
0.585341540900778
0.584497243804772
0.584145809027903
0.584512034660327
0.58576579508875
0.588010815661201
0.591277640655179
0.595521236602907
0.600623381676546
0.606399691031532
0.612610836647896
0.618977256604265
0.625196429429733
0.630961627982973
0.63598097433319
0.639995598204789
0.642795757883787
0.644233910528026
0
0
0
0
0
0
0
0
0
0
0
0
0
0
0
0
0
0
0
0
0
0
0
0
0
0
0
0
0
0
0
0
0
0
0
0
0
0
0
0
0
0
0
0
0
0
0
0
0
0
0
0
0
0
0
0
0
0
0
0
0
0
0
0
0
0
0
0
0
0
0
0
0
0
0
0
0
0
0
0
0
0
0
0
0
0
0
0
0
0
0
0
0
0
0
0
0
0
0
0
0.829729481647427
0.825281307831834
0.816530476381033
0.803762954996336
0.787395212263507
0.767959732080531
0.746086504126353
0.722481143199773
0.697900409007874
0.673125989430235
0.648937471194616
0.626085450119306
0.605265727611852
0.587095501161627
0.572092385508352
0.560657000531091
0.553059735250376
0.549432149159239
0.549763307648235
0.553901173392006
0.561558996417305
0.572326468521241
0.585685239025474
0.601028234512033
0.617682090655323
0.634931894306443
0.652047352492985
0.668309454853633
0.68303667900511
0.695609805037995
0.705494455161845
0.712260555698797
0.715598028277517
0.715328151315957
0.711410186940733
0.70394303690957
0.693161867908689
0.679429825519781
0.663225130846644
0.645124018064875
0.625780119183674
0.605901028836972
0.586222882463715
0.56748385222693
0.550397503937992
0.535626963712911
0.523760814893317
0.515291584910935
0.51059759041275
0.509928790328082
0.513397154848527
0.520971898525061
0.532479753521871
0.547610280601471
0.565926036972262
0.586877248029302
0.609820470359103
0.634040591817039
0.658775396038026
0.683241827606004
0.706663033516588
0.728295228670008
0.747453438919954
0.763535214477478
0.776041477840831
0.784593771368634
0.78894729656417
0.788999285601036
0.784792410341262
0.776513109246641
0.764484891963782
0.749156858624403
0.731087839771229
0.710926717320033
0.689389621632443
0.667234809837256
0.645236112106414
0.624155882781129
0.604718410280711
0.587584723012382
0.573329678630972
0.56242214274317
0.555208953393673
0.551903233300962
0.552577457591005
0.557161516172712
0.56544583288367
0.577089424379877
0.591632606795507
0.608513893655385
0.627090480211551
0.646661582548592
0.666493798950938
0.685847589719078
0.704003932383639
0.720290203482784
0.734104365940341
0.744936601617625
0.752387619661819
0.756182989607427
1
1
1
1
1
1
1
1
1
1
1
1
1
1
1
1
1
1
1
1
1
1
1
1
1
1
1
1
1
1
1
1
1
1
1
1
1
1
1
1
1
1
1
1
1
1
1
1
1
1
1
1
1
1
1
1
1
1
1
1
1
1
1
1
1
1
1
1
1
1
1
1
1
1
1
1
1
1
1
1
1
1
1
1
1
1
1
1
1
1
1
1
1
1
1
1
1
1
1
1
1
1
1
1
1
1
1
1
1
1
1
1
1
1
1
1
1
1
1
1
1
1
1
1
1
1
1
1
1
1
1
1
1
1
1
1
1
1
1
1
1
1
1
1
1
1
1
1
1
1
1
1
1
1
1
1
1
1
1
1
1
1
1
1
1
1
1
1
1
1
1
1
1
1
1
1
1
1
1
1
1
1
1
1
1
1
1
1
1
1
1
1
1
1
1
1
1
1
1
1
3
2
6
6
4
10
0.3
0.8
0.75
0.02
14
